 21.53543376,-39.12729784,5.01640436 7.7263782,-14.72112908,2.59514444 7.7263782,-14.72112908,2.59514444 257.98557256,-515.9777068,108.09711632 7.7263782,-14.72112908,2.59514444 18.536746,-47.36220624,2.76902896 18.536746,-47.36220624,2.76902896 421.0794098,-788.01183624,15.6824152 124.63254992,-193.19554424,-3.2972442 421.0794098,-788.01183624,15.6824152 18.536746,-47.36220624,2.76902896 23.45472516,-79.94094744,20.56102428 23.45472516,-79.94094744,20.56102428 38.713912,-145.43635636,40.518374 18.536746,-47.36220624,2.76902896 36.34186468,-122.19816664,-10.88910796
 85.219819,3.12007884,47.44422724 89.77362492,15.55774328,54.4455398 89.77362492,15.55774328,54.4455398 154.02231464,48.36614328,115.6660142 250.55118912,150.39698644,266.18111088 154.02231464,48.36614328,115.6660142 154.02231464,48.36614328,115.6660142 93.21522608,23.56627372,76.47966124 93.21522608,23.56627372,76.47966124 417.31300548,92.16207644,372.54266284
 144.54396788,-17.1259848,-112.97900624 598.50395616,156.47310212,-347.96917124 598.50395616,156.47310212,-347.96917124 152.04068728,-27.61483028,-98.56627612 152.04068728,-27.61483028,-98.56627612 144.54396788,-17.1259848,-112.97900624
 20.66273032,-713.9435924,-853.9698436 -21.24015816,-171.998037,-205.62992784 -21.24015816,-171.998037,-205.62992784 -84.12729928,-306.56825128,-471.13518568 -84.12729928,-306.56825128,-471.13518568 -47.57546084,-150.39698644,-262.95604516 -47.57546084,-150.39698644,-262.95604516 -13.96325504,-110.14107964,-197.71326092 -13.96325504,-110.14107964,-197.71326092 -93.26443868,-612.96261804,-932.414728 -93.26443868,-612.96261804,-932.414728 -61.4173248,-402.54594464,-593.14962528 -61.4173248,-402.54594464,-593.14962528 20.66273032,-713.9435924,-853.9698436
 -84.90157752,-138.31365272,-48.77952912 -92.29659088,-126.48294368,-41.338584 -92.29659088,-126.48294368,-41.338584 -119.91142116,-139.1732328,-30.35761252 -119.91142116,-139.1732328,-30.35761252 -53.83530356,-49.71128768,-21.06955448 -53.83530356,-49.71128768,-21.06955448 -164.30118636,-170.2427876,-111.74869124 -164.30118636,-170.2427876,-111.74869124 -92.29659088,-126.48294368,-41.338584
 318.57612568,208.86811692,59.29134048 153.36614664,115.73491184,28.5761164 10.34776936,5.0524936,-3.28740168 90.49869056,17.4212604,-29.9212608 90.49869056,17.4212604,-29.9212608 276.10893272,23.46128684,-43.01509324 90.49869056,17.4212604,-29.9212608 114.02887504,35.18372816,-21.43372772 114.02887504,35.18372816,-21.43372772 105.78084328,40.6167992,-16.29593228 105.78084328,40.6167992,-16.29593228 205.57415356,108.68438668,-42.404857 205.57415356,108.68438668,-42.404857 443.9468646,328.35302888,-120.29856028 443.9468646,328.35302888,-120.29856028 52.9199492,44.23556572,-14.5013128 52.9199492,44.23556572,-14.5013128 285.98098028,248.8681182,-93.53018672 285.98098028,248.8681182,-93.53018672 66.5682436,52.04724576,-23.02821596 66.5682436,52.04724576,-23.02821596 10.34776936,5.0524936,-3.28740168 246.49279004,171.55184276,-15.62007924 52.9199492,44.23556572,-14.5013128 246.49279004,171.55184276,-15.62007924 490.71851964,409.8753412,3.66469828 490.71851964,409.8753412,3.66469828 60.4986896,52.26706204,4.52099752 60.4986896,52.26706204,4.52099752 175.00984812,178.52362776,17.87401632 175.00984812,178.52362776,17.87401632 313.46129612,312.68373704,69.39304684 313.46129612,312.68373704,69.39304684 64.60958212,56.63386008,15.32480364 64.60958212,56.63386008,15.32480364 153.36614664,115.73491184,28.5761164 153.36614664,115.73491184,28.5761164 313.78938012,253.81562492,39.52427948 313.78938012,253.81562492,39.52427948 60.4986896,52.26706204,4.52099752
 109.21260192,100.05905832,76.31890008 51.61417488,31.99475168,26.35826856 51.61417488,31.99475168,26.35826856 48.40223252,26.45341292,20.96128676 48.40223252,26.45341292,20.96128676 137.0406868,74.04199712,54.5275608
 137.6476422,-659.24214708,-55.93504116 264.8950216,-1260.2198566,-128.65157892 264.8950216,-1260.2198566,-128.65157892 422.96917364,-1737.76908448,-499.46195824 422.96917364,-1737.76908448,-499.46195824 38.93372828,-303.95670264,-79.6259868 38.93372828,-303.95670264,-79.6259868 28.07742872,-181.3320268,-26.58464652 28.07742872,-181.3320268,-26.58464652 137.6476422,-659.24214708,-55.93504116
 -219.62599128,261.50263304,-241.86680564 -437.500014,505.09844136,-437.05053892 -437.500014,505.09844136,-437.05053892 -125.0656208,135.84974188,-96.98491124
 -130.99081784,-111.03674896,41.95210108 -28.94685132,-19.46522372,12.13582716 -28.94685132,-19.46522372,12.13582716 -136.42716972,-119.62926892,92.7493468 -136.42716972,-119.62926892,92.7493468 -66.601052,-76.27953,66.55512024 -66.601052,-76.27953,66.55512024 -126.23359984,-128.3956734,153.18898128 -126.23359984,-128.3956734,153.18898128 -53.96653716,-42.19488324,54.1174558 -53.96653716,-42.19488324,54.1174558 -112.40814008,-87.68701068,83.5465906 -112.40814008,-87.68701068,83.5465906 -28.94685132,-19.46522372,12.13582716 -28.94685132,-19.46522372,12.13582716 -31.12860992,-17.02099792,11.80118148 -31.12860992,-17.02099792,11.80118148 -208.86483608,-108.12336304,66.54199688
 184.14042584,449.1798044,-484.67521236 16.91929188,46.84055268,-44.62598568 16.91929188,46.84055268,-44.62598568 25.20669372,71.23687892,-57.24081548
 -8.22178504,11.90616836,-62.27362404 -82.22441208,31.78149708,-437.49673316 -82.22441208,31.78149708,-437.49673316 -55.48884692,-4.45209988,-294.96063936
 -194.143707,218.10040068,160.25919148 -107.05709004,123.933731,64.40617004 -107.05709004,123.933731,64.40617004 -30.50853116,43.54330848,27.3458014 -107.05709004,123.933731,64.40617004 -82.15879528,93.94357256,40.92191732 -82.15879528,93.94357256,40.92191732 -179.86877216,265.37402424,51.84055284 -82.15879528,93.94357256,40.92191732 -130.2165396,131.94882312,38.92388576
 60.65945076,-88.21522592,-23.82217924 183.4645728,-259.57021828,-83.87139376 183.4645728,-259.57021828,-83.87139376 103.74344164,-98.49409764,-44.373361 103.74344164,-98.49409764,-44.373361 149.66207828,-123.10039764,-58.63517248 149.66207828,-123.10039764,-58.63517248 123.99278612,-86.74869044,-45.2919962 123.99278612,-86.74869044,-45.2919962 30.67257316,-20.10170668,-10.60367488 149.66207828,-123.10039764,-58.63517248 281.22704312,-222.36221184,-147.8510546 281.22704312,-222.36221184,-147.8510546 103.74344164,-98.49409764,-44.373361 183.4645728,-259.57021828,-83.87139376 28.86811116,-32.60170708,-20.55774344 103.74344164,-98.49409764,-44.373361 338.01182184,-363.0413502,-251.86024428
 -29.46522404,26.25328168,-106.78149948 -120.73163116,60.367456,-371.63058932 -120.73163116,60.367456,-371.63058932 -175.26575364,61.24344028,-387.4015872 -175.26575364,61.24344028,-387.4015872 -692.16865732,239.8950208,-1298.31697068 -692.16865732,239.8950208,-1298.31697068 -7401.021,1688.609,-12621.44 -7401.021,1688.609,-12621.44 -48.50393856,14.4849086,-83.7598452 -48.50393856,14.4849086,-83.7598452 -742.19490564,315.50525944,-1328.47445196 -742.19490564,315.50525944,-1328.47445196 -329.3799318,158.7270392,-668.7336172 -329.3799318,158.7270392,-668.7336172 -298.18898592,256.73229168,-662.04726528 -591.16143624,700.67915628,-1572.66081148 -179.91142308,251.0334726,-524.51773332 -179.91142308,251.0334726,-524.51773332 -19.66207412,187.44095088,-247.36221264 -171.48294512,155.81037244,-385.1049992 -298.18898592,256.73229168,-662.04726528 -171.48294512,155.81037244,-385.1049992 -591.16143624,700.67915628,-1572.66081148 -19.66207412,187.44095088,-247.36221264 -44.48162872,267.52297444,-254.63583492 -179.91142308,251.0334726,-524.51773332 -428.723767,716.45671584,-700.6725946
 161.3189028,87.94947788,371.26969692 47.32939784,18.59908196,88.91732568 47.32939784,18.59908196,88.91732568 261.93242308,66.16798112,481.74870308 261.93242308,66.16798112,481.74870308 126.38123764,22.5721792,194.23885136 126.38123764,22.5721792,194.23885136 28.215224,1.1318898,47.2769044
 -1.6240158,-1.35826776,-3.79593188 -167.17192136,-100.27231292,-342.77888236 -167.17192136,-100.27231292,-342.77888236 -232.04068984,-108.06430792,-345.50197956 -232.04068984,-108.06430792,-345.50197956 -228.16929864,-125.87926912,-282.28019276 -228.16929864,-125.87926912,-282.28019276 -265.091872,-151.02034604,-303.00525904 -265.091872,-151.02034604,-303.00525904 -293.21195164,-152.01444056,-302.3622144 -293.21195164,-152.01444056,-302.3622144 -270.35105852,-139.9934428,-271.13517928 -270.35105852,-139.9934428,-271.13517928 -649.31760608,-272.42783024,-578.54660644 -649.31760608,-272.42783024,-578.54660644 -44.49803292,-16.32545984,-35.34448932 -270.35105852,-139.9934428,-271.13517928 -40.54790156,-25.01312416,-35.08530296 -293.21195164,-152.01444056,-302.3622144 -177.44751224,-143.06430904,-206.37467852 -177.44751224,-143.06430904,-206.37467852 -202.99541332,-201.51575448,-258.48754108 -228.16929864,-125.87926912,-282.28019276 -84.55380848,-15.4855648,-98.74672232 -84.55380848,-15.4855648,-98.74672232 -262.85105828,-32.31955484,-318.20539076 -262.85105828,-32.31955484,-318.20539076 -264.07809244,-9.63582708,-323.1135274 -264.07809244,-9.63582708,-323.1135274 -234.86877392,25.97112944,-328.40880316 -234.86877392,25.97112944,-328.40880316 -190.49541292,20.20669356,-376.28938212
 465.98098604,-240.3707426,845.68900344 46.25328232,-14.65551228,110.00984604 46.25328232,-14.65551228,110.00984604 181.1679848,-140.70538508,649.96065072 181.1679848,-140.70538508,649.96065072 17.30971184,-14.70800572,43.79593316 17.30971184,-14.70800572,43.79593316 465.98098604,-240.3707426,845.68900344 46.25328232,-14.65551228,110.00984604 9.86876672,-0.89238848,45.193571 9.86876672,-0.89238848,45.193571 181.1679848,-140.70538508,649.96065072
 -53.18569724,-16.7650924,17.61482996 -25.18372784,-8.16601076,14.00590596 -25.18372784,-8.16601076,14.00590596 -144.46194688,-17.05708716,78.22178728
 -20.55774344,-3.04790036,18.29396384 -76.32546176,-19.04199536,62.16535632
 0.16076116,132.63123784,100.71850716 0.11811024,57.74606484,57.64107796 0.11811024,57.74606484,57.64107796 5.62007892,29.37664136,30.9711296 5.62007892,29.37664136,30.9711296 148.01181576,577.28676388,519.44555468 148.01181576,577.28676388,519.44555468 102.84777232,364.62927676,247.59515228 17.32939688,116.961946,64.4849102 102.84777232,364.62927676,247.59515228 17.32939688,116.961946,64.4849102 0.16076116,132.63123784,100.71850716
 -17.52624728,181.08268296,-120.12467576 -11.13517096,153.92717028,-108.6286124 -11.13517096,153.92717028,-108.6286124 9.31102392,866.16144504,-612.93309048 9.31102392,866.16144504,-612.93309048 2.84448828,72.07677396,-51.96522476 2.84448828,72.07677396,-51.96522476 1.21062996,325.131244,-301.23688628 2.84448828,72.07677396,-51.96522476 21.13845212,237.42782912,-161.23032012 21.13845212,237.42782912,-161.23032012 27.0177174,213.95669976,-153.6581414
 -17.4540688,-14.97375376,-49.2618126 -145.39370544,-178.54987448,-388.12009116 -17.4540688,-14.97375376,-49.2618126 -32.71653648,-38.14304584,-82.97900528
 -146.80446664,39.49147108,-50.27231132 -286.9586706,61.44357152,-123.51378348 -286.9586706,61.44357152,-123.51378348 -81.92585564,12.65419988,-26.43044704 -81.92585564,12.65419988,-26.43044704 -183.49410036,32.89698268,-49.1797916 -183.49410036,32.89698268,-49.1797916 -146.80446664,39.49147108,-50.27231132 -183.49410036,32.89698268,-49.1797916 -389.30775524,60.5971148,-75.58071108 -389.30775524,60.5971148,-75.58071108 -296.41733232,30.26246816,-51.47966044 -296.41733232,30.26246816,-51.47966044 -240.97441716,4.18963268,-74.37992364 -240.97441716,4.18963268,-74.37992364 -326.67651964,21.7519692,-108.59908484 -326.67651964,21.7519692,-108.59908484 -81.92585564,12.65419988,-26.43044704
 30.63648392,-158.4153594,-127.53609332 84.22900532,-333.63846212,-262.549221 84.22900532,-333.63846212,-262.549221 20.84645736,-79.57349336,-62.22769228 20.84645736,-79.57349336,-62.22769228 12.94619464,-43.41207488,-34.21588036 12.94619464,-43.41207488,-34.21588036 28.5269038,-91.207352,-74.40617036 28.5269038,-91.207352,-74.40617036 130.15748448,-412.62140428,-354.64568064 130.15748448,-412.62140428,-354.64568064 41.51574936,-135.05249776,-120.65617184 41.51574936,-135.05249776,-120.65617184 36.3681114,-128.71063404,-120.83005636 36.3681114,-128.71063404,-120.83005636 56.43700968,-225.17717256,-214.29462628 30.63648392,-158.4153594,-127.53609332 24.37336036,-171.49278764,-143.82874476
 -204.16011152,-273.22507436,207.86089904 -60.55774472,-77.39173476,54.708007 -60.55774472,-77.39173476,54.708007 -39.94750784,-54.32742956,33.93700896 -39.94750784,-54.32742956,33.93700896 -74.25525172,-108.79593524,65.08858476 -74.25525172,-108.79593524,65.08858476 -81.44357216,-127.34252376,73.9501336 -81.44357216,-127.34252376,73.9501336 -110.41995104,-186.68635768,109.93110588 -110.41995104,-186.68635768,109.93110588 -160.45932272,-282.00788304,186.2040742
 -57.03412256,-8.03477716,-16.72900316 -81.94554068,-10.73818932,-24.50459396 -81.94554068,-10.73818932,-24.50459396 -147.00131704,-10.1541998,-46.57808548 -147.00131704,-10.1541998,-46.57808548 -285.46916924,-12.62139148,-119.0616836 -285.46916924,-12.62139148,-119.0616836 -44.59973896,-1.63713916,-20.5544626 -285.46916924,-12.62139148,-119.0616836 -135.29856076,-20.45275656,-59.20603864 -135.29856076,-20.45275656,-59.20603864 -81.94554068,-10.73818932,-24.50459396
 -47.92322988,-6.55839916,-74.80643284 -145.55118576,-16.96850448,-288.8287494 -138.34974196,-29.2322844,-241.87336732 -236.93242228,-15.67913436,-391.2893826
 24.39960708,-69.7670626,99.40617116 29.10433164,-70.51837496,96.702759 29.10433164,-70.51837496,96.702759 48.39895168,-98.16929448,109.95079092 48.39895168,-98.16929448,109.95079092 817.97246712,-1144.34386864,1191.07943444 817.97246712,-1144.34386864,1191.07943444 647.14897084,-761.52561492,1009.18966484 817.97246712,-1144.34386864,1191.07943444 40.23294092,-45.3904214,40.86614304 40.23294092,-45.3904214,40.86614304 92.77559352,-82.85433336,72.4737556 92.77559352,-82.85433336,72.4737556 52.83464736,-35.59055232,34.93766516 817.97246712,-1144.34386864,1191.07943444 55.40682592,-99.64239164,80.07874272 55.40682592,-99.64239164,80.07874272 148.786094,-356.03019512,204.8228412
 202.0341272,-255.7906906,65.15092072 62.31627496,-75.89895256,25.57086696 62.31627496,-75.89895256,25.57086696 157.5295326,-188.33990104,70.00000224 157.5295326,-188.33990104,70.00000224 74.46850632,-83.68438588,32.38517164 74.46850632,-83.68438588,32.38517164 140.22966328,-162.08661936,57.7263798 140.22966328,-162.08661936,57.7263798 62.31627496,-75.89895256,25.57086696
 4.09120748,61.50590748,-136.75197288 1.00393704,38.959975,-76.7880602 1.00393704,38.959975,-76.7880602 59.37336148,513.65487208,-992.864205 59.37336148,513.65487208,-992.864205 4.09120748,61.50590748,-136.75197288 59.37336148,513.65487208,-992.864205 35.62336072,90.42979292,-139.03871836 35.62336072,90.42979292,-139.03871836 18.290683,37.51312456,-52.4442274
 -1.74212604,-61.67323032,94.54724712 -1.43044624,-96.62401884,121.43701176 -1.43044624,-96.62401884,121.43701176 -28.9370088,-223.05118824,291.03019304 -28.9370088,-223.05118824,291.03019304 -6.76837292,-55.65616976,80.58727292 -6.76837292,-55.65616976,80.58727292 -1.74212604,-61.67323032,94.54724712 -1.74212604,-61.67323032,94.54724712 11.64042032,-35.5314972,90.9940974 11.64042032,-35.5314972,90.9940974 23.55315036,-46.14173376,144.438981 23.55315036,-46.14173376,144.438981 13.65485608,-39.90813776,141.08268168 13.65485608,-39.90813776,141.08268168 0.71850396,-7.81496088,25.2460638 0.71850396,-7.81496088,25.2460638 -30.11154952,-132.50656592,301.15814612 -30.11154952,-132.50656592,301.15814612 -17.82152288,-40.02296716,80.73819156 -17.82152288,-40.02296716,80.73819156 -18.14960688,-32.04068344,60.24278408 -18.14960688,-32.04068344,60.24278408 -32.562337,-40.54790156,86.43701064 -32.562337,-40.54790156,86.43701064 -112.91338944,-68.10695756,274.92126864 -112.91338944,-68.10695756,274.92126864 -159.9901626,-23.54330784,439.24870172 -159.9901626,-23.54330784,439.24870172 -132.90026672,16.66994804,355.04922396
 -122.23753672,-243.77953536,-384.17324064 -35.12467304,-75.18701028,-99.44554124 -35.12467304,-75.18701028,-99.44554124 -166.52231504,-388.44817516,-462.11287568 -166.52231504,-388.44817516,-462.11287568 -74.885173,-134.00919064,-178.0347826 -74.885173,-134.00919064,-178.0347826 -35.12467304,-75.18701028,-99.44554124 -74.885173,-134.00919064,-178.0347826 -122.23753672,-243.77953536,-384.17324064
 69.11417544,31.39107712,-117.95275968 31.81430548,17.62795332,-45.90223244 31.81430548,17.62795332,-45.90223244 77.93963504,52.82480484,-118.41863896 77.93963504,52.82480484,-118.41863896 285.10827684,212.87074172,-391.08268968 285.10827684,212.87074172,-391.08268968 65.7644378,55.0853036,-79.6916036 65.7644378,55.0853036,-79.6916036 86.36155132,72.89698396,-94.34711588 86.36155132,72.89698396,-94.34711588 89.55380864,88.2053834,-106.61745748 89.55380864,88.2053834,-106.61745748 9.31430476,11.09252004,-13.54002668 9.31430476,11.09252004,-13.54002668 71.51903116,110.7611584,-101.6076148 71.51903116,110.7611584,-101.6076148 91.8799242,143.46785236,-124.69160504 91.8799242,143.46785236,-124.69160504 63.85170808,133.70735336,-99.18635488 63.85170808,133.70735336,-99.18635488 100.4265124,225.6561752,-166.70604208 100.4265124,225.6561752,-166.70604208 65.862863,170.57743328,-107.97572524 65.862863,170.57743328,-107.97572524 29.16338676,44.41929276,-22.82808472 29.16338676,44.41929276,-22.82808472 178.22507132,240.39042764,-118.68110616 178.22507132,240.39042764,-118.68110616 184.9737592,219.5046002,-114.5669328 184.9737592,219.5046002,-114.5669328 56.91929316,58.1200806,-35.5807098 56.91929316,58.1200806,-35.5807098 33.36942364,29.28805868,-14.91797948 33.36942364,29.28805868,-14.91797948 96.10564612,93.15289012,-20.95472508 96.10564612,93.15289012,-20.95472508 77.7066954,89.25853304,-18.36286148 77.7066954,89.25853304,-18.36286148 6.23031516,8.33661444,-1.73556436 6.23031516,8.33661444,-1.73556436 16.42716588,24.1797908,-5.02952772 16.42716588,24.1797908,-5.02952772 243.83859048,637.877317,-40.00328212 243.83859048,637.877317,-40.00328212 179.97375904,534.02560764,-32.04396428 179.97375904,534.02560764,-32.04396428 63.11679992,209.3668046,-20.87270408 63.11679992,209.3668046,-20.87270408 20.19685104,87.22441224,-7.96916036 20.19685104,87.22441224,-7.96916036 196.82415328,872.43113028,-137.71982068 196.82415328,872.43113028,-137.71982068 37.42126104,100.3280872,-27.30315048
 181.0531554,-383.67455296,133.56955808 255.88583496,-505.53807392,189.960636 255.88583496,-505.53807392,189.960636 172.8510554,-370.27232156,132.88058168 255.88583496,-505.53807392,189.960636 135.11483372,-236.98163488,96.55840204 135.11483372,-236.98163488,96.55840204 76.73556676,-126.2631274,53.75000172
 108.50394048,98.63517376,-93.0774308 27.3293972,30.37073588,-22.63451516
 -17.27690344,104.04855976,31.04002724 -275.98097996,960.73821972,375.1312456 -275.98097996,960.73821972,375.1312456 -19.31758592,52.98884684,22.7690296 -19.31758592,52.98884684,22.7690296 -32.234253,90.90879556,28.64501404 -32.234253,90.90879556,28.64501404 -11.58792688,57.86745592,13.51049912 -19.31758592,52.98884684,22.7690296 -92.355646,207.62467856,115.26575172 -92.355646,207.62467856,115.26575172 -57.00131416,116.29593548,58.7434402 -92.355646,207.62467856,115.26575172 -13.3038062,26.8864838,15.96784828 -92.355646,207.62467856,115.26575172 -44.14698304,112.47047604,63.6975086 -44.14698304,112.47047604,63.6975086 -103.97310044,324.13386864,198.47769664 -103.97310044,324.13386864,198.47769664 -17.42782208,39.7965892,27.03084076 -103.97310044,324.13386864,198.47769664 -36.827429,157.04068744,108.64173576 -103.97310044,324.13386864,198.47769664 -150.99738016,778.051206,371.79135048 -150.99738016,778.051206,371.79135048 -87.25065896,686.73886712,254.86877456 -150.99738016,778.051206,371.79135048 -21.52887208,214.17651604,89.2224438 -21.52887208,214.17651604,89.2224438 -23.18569628,356.66995892,148.10039844 -23.18569628,356.66995892,148.10039844 -2.5754594,143.30052952,61.61745604
 955.338,1234.603,2697.349 89.5013152,151.07283948,345.7021108 89.5013152,151.07283948,345.7021108 631.5847,2133.908,5079.902 955.338,1234.603,2697.349 66.6502646,104.98359916,368.07415876 66.6502646,104.98359916,368.07415876 631.5847,2133.908,5079.902 66.6502646,104.98359916,368.07415876 2.07349088,12.57217888,66.9947528
 -62.2867474,258.49410276,-56.70603856 -114.43898004,400.6889892,-116.60761528 -114.43898004,400.6889892,-116.60761528 -804.6621,3219.124,-1017.904 -804.6621,3219.124,-1017.904 -1.62073496,8.12664068,-2.48687672 -1.62073496,8.12664068,-2.48687672 -935.0886,3314.216,-1521.201 -935.0886,3314.216,-1521.201 -425.63321572,1383.73035924,-718.4383432 -425.63321572,1383.73035924,-718.4383432 -263.75657012,779.117479,-415.0098558 -263.75657012,779.117479,-415.0098558 -625.85960008,1628.40228308,-979.11092372 -90.21653832,344.95407928,-197.41470448 -307.42455052,1113.83205664,-612.69358916 -307.42455052,1113.83205664,-612.69358916 -425.63321572,1383.73035924,-718.4383432 -307.42455052,1113.83205664,-612.69358916 -1080.535,4482.015,-2045.787 -1080.535,4482.015,-2045.787 -10.1049872,62.59514636,-22.14895084 -10.1049872,62.59514636,-22.14895084 -62.28346656,403.99935676,-173.21522864 -10.1049872,62.59514636,-22.14895084 -46.6207364,469.14699664,-152.78543796 -10.1049872,62.59514636,-22.14895084 -1.62073496,8.12664068,-2.48687672 -90.21653832,344.95407928,-197.41470448 -123.59580448,559.3340074,-365.04922428 -26.47965964,297.96260796,-173.14961184 -90.21653832,344.95407928,-197.41470448 -804.6621,3219.124,-1017.904 -62.2867474,258.49410276,-56.70603856
 -60.7939652,-30.8234918,79.2814986 -43.77296728,-16.78805828,66.77165568 -43.77296728,-16.78805828,66.77165568 -45.19685184,-10.85629956,68.80905732 -45.19685184,-10.85629956,68.80905732 -44.16994892,-2.97572188,68.25459536 -44.16994892,-2.97572188,68.25459536 -56.75525116,14.2224414,108.89436044 -56.75525116,14.2224414,108.89436044 -42.98884652,11.14829432,66.80118324 -42.98884652,11.14829432,66.80118324 -49.5242798,1.33202104,67.43110452 -49.5242798,1.33202104,67.43110452 -44.16994892,-2.97572188,68.25459536 -49.5242798,1.33202104,67.43110452 -133.87139536,8.15944908,147.80512284 -133.87139536,8.15944908,147.80512284 -98.33005564,21.95210044,98.999347 -98.33005564,21.95210044,98.999347 -91.2565646,43.96981768,94.17979304 -98.33005564,21.95210044,98.999347 -158.01181608,71.7355666,153.5269078 -42.98884652,11.14829432,66.80118324 -254.81300028,159.06168488,414.41602376 -254.81300028,159.06168488,414.41602376 -21.96194296,16.4206042,34.694883 -21.96194296,16.4206042,34.694883 -176.07612112,170.59055664,264.34712132 -21.96194296,16.4206042,34.694883 -22.72965952,22.88713984,35.87926624 -254.81300028,159.06168488,414.41602376 -50.8694242,32.09973856,100.2624704 -50.8694242,32.09973856,100.2624704 -54.55380752,70.92519912,159.57021508 -54.55380752,70.92519912,159.57021508 -28.15944972,21.3090558,69.49147204 -28.15944972,21.3090558,69.49147204 -56.75525116,14.2224414,108.89436044
 91.85039664,-21.67979072,-89.61942544 219.6358338,-91.7979032,-225.86286812 219.6358338,-91.7979032,-225.86286812 61.26312532,-32.49343936,-74.2618134 61.26312532,-32.49343936,-74.2618134 114.80643412,-40.27887268,-129.94751072 114.80643412,-40.27887268,-129.94751072 126.73556836,-27.88714,-130.89239264 126.73556836,-27.88714,-130.89239264 91.85039664,-21.67979072,-89.61942544 114.80643412,-40.27887268,-129.94751072 64.08464772,-16.90944936,-87.1719188 114.80643412,-40.27887268,-129.94751072 75.67585544,-24.38648372,-99.30446512 61.26312532,-32.49343936,-74.2618134 165.108273,-89.54068528,-155.0689026 165.108273,-89.54068528,-155.0689026 143.87795736,-88.22834928,-128.87467604
 -31.29593276,-348.33334448,362.24410608 -10.41338616,-636.83729072,484.33728584 -10.41338616,-636.83729072,484.33728584 -49.78018532,-311.50591548,238.9763856 -49.78018532,-311.50591548,238.9763856 -25.69553888,-137.53937448,106.55512152 -25.69553888,-137.53937448,106.55512152 -57.52624856,-289.51116412,220.88911468 -57.52624856,-289.51116412,220.88911468 -28.79921352,-82.34580316,70.44619648 -28.79921352,-82.34580316,70.44619648 -85.56102636,-217.49344528,213.69095172 -85.56102636,-217.49344528,213.69095172 -94.46850696,-201.98819544,233.45145104 -94.46850696,-201.98819544,233.45145104 -20.29855708,-32.69685144,35.2034132 -28.79921352,-82.34580316,70.44619648 -10.08202132,-28.19225812,18.4219166 -10.08202132,-28.19225812,18.4219166 -52.97244264,-128.23819308,54.625986 -52.97244264,-128.23819308,54.625986 -76.25656412,-167.1752022,63.81889968 -10.08202132,-28.19225812,18.4219166 -36.68307204,-137.59514876,85.31496336 -36.68307204,-137.59514876,85.31496336 -45.2263794,-352.29331836,174.08465124 -45.2263794,-352.29331836,174.08465124 -13.6646986,-68.74015968,32.44422676 -1.42388456,-24.09448896,12.68372744 -1.17125988,-119.996723,67.19816488 -1.17125988,-119.996723,67.19816488 10.1213914,-307.47704396,168.8648348 -36.68307204,-137.59514876,85.31496336 -57.52624856,-289.51116412,220.88911468 -1.42388456,-24.09448896,12.68372744 -45.2263794,-352.29331836,174.08465124
 39.06168104,78.3464592,-79.642391 71.85695768,60.64960824,-132.0702142 71.85695768,60.64960824,-132.0702142 49.79002784,51.38779692,-122.63123752
 -335.19358028,388.24148224,30.4625994 -240.731635,290.0754686,22.00787472 -240.731635,290.0754686,22.00787472 -112.4671952,136.85039808,17.69357012 -112.4671952,136.85039808,17.69357012 -85.95144632,96.49278524,14.53740204 -85.95144632,96.49278524,14.53740204 -209.563655,231.86352448,31.9553816 -209.563655,231.86352448,31.9553816 -335.19358028,388.24148224,30.4625994 -209.563655,231.86352448,31.9553816 -106.06627636,110.4166702,15.9448824 -106.06627636,110.4166702,15.9448824 -85.547903,75.4429158,4.6095802 -85.547903,75.4429158,4.6095802 -415.79069572,313.37271344,-10.76771688 -415.79069572,313.37271344,-10.76771688 -44.93766548,34.74737644,-2.74606308 -44.93766548,34.74737644,-2.74606308 -141.08596252,110.63976732,-27.30315048 -141.08596252,110.63976732,-27.30315048 -217.28019068,136.45997812,-68.01509404 -217.28019068,136.45997812,-68.01509404 -98.22506876,50.81364992,-24.22244172 -98.22506876,50.81364992,-24.22244172 -215.41011188,93.56299512,-71.06955608 -215.41011188,93.56299512,-71.06955608 -126.22047648,40.026248,-38.45472564 -126.22047648,40.026248,-38.45472564 -110.85630276,13.12007916,-69.37008096 -110.85630276,13.12007916,-69.37008096 -258.45801352,7.99868792,-173.81234152 -258.45801352,7.99868792,-173.81234152 -205.38386484,-63.82546136,-91.81758824 -205.38386484,-63.82546136,-91.81758824 -111.21391432,-39.88517188,-50.56758692
 5.3805776,0.6069554,-23.93044696 32.35236324,49.45538216,-209.39305132 32.35236324,49.45538216,-209.39305132 43.70735048,36.54199592,-142.92323292 43.70735048,36.54199592,-142.92323292 41.78477824,29.73753376,-131.26968924 41.78477824,29.73753376,-131.26968924 29.86876736,17.03084044,-63.50721988
 45.2591878,-38.02165476,-79.73425452 42.92651056,-52.27362372,-73.28084224 42.92651056,-52.27362372,-73.28084224 222.50328796,-232.81496808,-524.58006928 222.50328796,-232.81496808,-524.58006928 45.2591878,-38.02165476,-79.73425452
 484.63256144,-236.4501388,417.5032942 780.5774528,-321.38124388,790.58729564 780.5774528,-321.38124388,790.58729564 1029.27496732,-428.81234968,1225.69557728 1029.27496732,-428.81234968,1225.69557728 1540.272,-681.6175,1970.479 1540.272,-681.6175,1970.479 95.0295306,-42.52952892,134.36352136 95.0295306,-42.52952892,134.36352136 61.64042192,-25.12795356,80.13123616 61.64042192,-25.12795356,80.13123616 1029.27496732,-428.81234968,1225.69557728
 -41.37467324,637.40815688,-70.23294188 -84.72113132,670.21655688,-83.34317852 -84.72113132,670.21655688,-83.34317852 -128.47113272,396.19751924,-3.58267728 -128.47113272,396.19751924,-3.58267728 -12.69356996,121.96194616,9.84908168 -12.69356996,121.96194616,9.84908168 -22.75590624,581.4632732,25.40354412 -128.47113272,396.19751924,-3.58267728 -537.26379672,854.86223208,-52.62795444 -537.26379672,854.86223208,-52.62795444 -61.79790224,130.66273384,-24.32086692
 -4.36679804,162.51312856,-43.36286228 0.74475068,47.57218,-12.01115524 0.74475068,47.57218,-12.01115524 4.02887152,70.69225948,-18.73687724 4.02887152,70.69225948,-18.73687724 220.46916716,1844.13063644,-597.09975664 220.46916716,1844.13063644,-597.09975664 36.6305786,175.84318148,-52.20144524 220.46916716,1844.13063644,-597.09975664 4.04527572,106.8077462,-40.77099868 4.04527572,106.8077462,-40.77099868 1.82742788,26.93897724,-11.154856 1.82742788,26.93897724,-11.154856 20.83005316,149.38320688,-57.17191784 20.83005316,149.38320688,-57.17191784 46.77493588,192.83465184,-81.66666928 220.46916716,1844.13063644,-597.09975664 20.83005316,149.38320688,-57.17191784 36.6305786,175.84318148,-52.20144524 167.93635708,942.20147372,-224.0649678 36.6305786,175.84318148,-52.20144524 92.7985594,448.408807,-105.22310048 46.77493588,192.83465184,-81.66666928 36.6305786,175.84318148,-52.20144524 92.7985594,448.408807,-105.22310048 47.15223248,223.27100452,-47.95931912 167.93635708,942.20147372,-224.0649678 60.37729852,342.27035216,-75.87926752
 -34.88845256,1.66666672,9.08136512 -152.57874504,30.87598524,42.96588064 -152.57874504,30.87598524,42.96588064 -68.95997596,36.52231088,16.53871444 -68.95997596,36.52231088,16.53871444 -1541.54204408,825.41997392,526.69621108 -1541.54204408,825.41997392,526.69621108 -111.55840252,52.03740324,44.41929276 -111.55840252,52.03740324,44.41929276 -53.94357128,10.94816308,20.60695604 -53.94357128,10.94816308,20.60695604 -34.88845256,1.66666672,9.08136512 -111.55840252,52.03740324,44.41929276 -227.71982356,110.2198198,109.57021348 -227.71982356,110.2198198,109.57021348 -95.34777208,59.14042184,54.7408154 -95.34777208,59.14042184,54.7408154 -174.52756464,115.67913756,92.23753576 -53.94357128,10.94816308,20.60695604 -152.57874504,30.87598524,42.96588064
 -87.26378232,-138.24803592,-108.73031844 -68.02493656,-126.95866548,-107.57546276 -68.02493656,-126.95866548,-107.57546276 -169.13714452,-293.31365768,-268.32678024 -169.13714452,-293.31365768,-268.32678024 -87.26378232,-138.24803592,-108.73031844 -169.13714452,-293.31365768,-268.32678024 -188.28412676,-257.11614996,-278.66142624 -188.28412676,-257.11614996,-278.66142624 -430.52494816,-519.36025284,-579.17324688 -430.52494816,-519.36025284,-579.17324688 -144.44226184,-174.92126544,-166.4042048 -430.52494816,-519.36025284,-579.17324688 -199.97375968,-197.42782784,-263.27756748 -188.28412676,-257.11614996,-278.66142624 -94.0124702,-131.86680212,-148.75000476 -94.0124702,-131.86680212,-148.75000476 -46.82414848,-52.1325476,-90.0098454 -46.82414848,-52.1325476,-90.0098454 -240.6660182,-205.41995408,-343.95342308 -46.82414848,-52.1325476,-90.0098454 -176.21063556,-145.1115532,-266.56825 -240.6660182,-205.41995408,-343.95342308 -181.15486144,-134.268377,-228.4941018 -240.6660182,-205.41995408,-343.95342308 -199.97375968,-197.42782784,-263.27756748
 -129.63255008,107.76247064,115.39370448 -81.09908396,68.7500022,79.5439658 -81.09908396,68.7500022,79.5439658 -403.81891056,381.44030092,441.09581464 -403.81891056,381.44030092,441.09581464 -27.87729748,27.71981716,35.12795388 -27.87729748,27.71981716,35.12795388 -163.6811076,227.70998104,263.23491656 -163.6811076,227.70998104,263.23491656 -66.519031,167.3392442,208.70407492 -66.519031,167.3392442,208.70407492 -23.23162804,91.01378244,152.81824636 -23.23162804,91.01378244,152.81824636 -6.93569576,80.79724668,135.0229702
 3.15288724,-19.38320272,15.7808404 24.15354408,-122.05709052,95.83661724 24.15354408,-122.05709052,95.83661724 165.08530712,-743.4219398,501.4271814 165.08530712,-743.4219398,501.4271814 141.44029324,-537.76904608,356.8405626 141.44029324,-537.76904608,356.8405626 145.94488656,-602.06038672,465.1082826 145.94488656,-602.06038672,465.1082826 24.15354408,-122.05709052,95.83661724
 -289.97048172,124.35367852,-190.08530792 -76.38123604,44.6030198,-64.00590756
 109.3996098,-93.4875358,-90.52493728 138.54331152,-136.9914742,-122.96916404 138.54331152,-136.9914742,-122.96916404 213.69423256,-233.27100484,-211.61746084
 -125.48884916,-25.69225804,-318.76969524 -50.43635332,3.17257228,-117.5032846 -50.43635332,3.17257228,-117.5032846 -115.85302208,-16.52231024,-363.02822684 -115.85302208,-16.52231024,-363.02822684 -111.52231328,-18.25459376,-296.4895108 -111.52231328,-18.25459376,-296.4895108 -125.48884916,-25.69225804,-318.76969524
 12.49343872,-8.6286092,-67.87729876 21.33858336,-7.135827,-148.45801 21.33858336,-7.135827,-148.45801 -26.67651004,-19.90813712,-299.9672012 -26.67651004,-19.90813712,-299.9672012 12.49343872,-8.6286092,-67.87729876
 -70.7677188,-63.64173432,-491.69292912 -10.93503972,-27.56889852,-151.12533292 -10.93503972,-27.56889852,-151.12533292 -11.14829432,-31.9553816,-152.87730148
 -5.20669308,-47.41798052,10.62664076 -5.91207368,-81.85367716,6.55511832 -18.37926568,-83.5629948,-24.09120812 -5.91207368,-81.85367716,6.55511832 -5.20669308,-47.41798052,10.62664076 -24.38320288,-87.43766684,14.98687712 -24.38320288,-87.43766684,14.98687712 -45.9973768,-96.78478,-8.79593204 -45.9973768,-96.78478,-8.79593204 -153.94685532,-407.18833324,-81.21063252 -153.94685532,-407.18833324,-81.21063252 -18.37926568,-83.5629948,-24.09120812 -18.37926568,-83.5629948,-24.09120812 -46.88976528,-374.00919832,-167.52953292
 62.06693112,737.56235956,-25.10498768 205.954731,1977.25400028,-41.70931892 205.954731,1977.25400028,-41.70931892 84.86876912,691.3714132,-3.63517072 -32.96588032,626.13847148,181.33530764 -36.6141744,702.15225344,178.02822092 -32.96588032,626.13847148,181.33530764 -68.99278,4033.52,1479.344 -68.99278,4033.52,1479.344 0.65288716,26.65354416,9.84908168 -36.6141744,702.15225344,178.02822092 -19.39632608,586.80776156,154.78018868 -19.39632608,586.80776156,154.78018868 0.65288716,26.65354416,9.84908168 -36.6141744,702.15225344,178.02822092 -1.59776908,153.64829888,26.11876724 -1.59776908,153.64829888,26.11876724 10.46259876,496.60106576,64.57349288 10.46259876,496.60106576,64.57349288 62.06693112,737.56235956,-25.10498768 62.06693112,737.56235956,-25.10498768 34.26509296,640.7972646,-109.34055468 34.26509296,640.7972646,-109.34055468 169.29462484,842.2244364,-123.8189016 169.29462484,842.2244364,-123.8189016 84.86876912,691.3714132,-3.63517072 84.86876912,691.3714132,-3.63517072 38.25131356,249.46195024,28.0839904 38.25131356,249.46195024,28.0839904 117.80840272,1081.70279052,190.57087224 117.80840272,1081.70279052,190.57087224 10.46259876,496.60106576,64.57349288 38.25131356,249.46195024,28.0839904 7.91994776,25.05577508,3.20866152 7.91994776,25.05577508,3.20866152 249.37336756,805.66931712,82.76903152 249.37336756,805.66931712,82.76903152 176.27297152,589.22574064,26.94225808 176.27297152,589.22574064,26.94225808 206.40420608,751.24018152,23.31364904 7.91994776,25.05577508,3.20866152 64.83596008,207.5623426,34.05183836 64.83596008,207.5623426,34.05183836 32.28018476,110.55774632,20.6200794 -19.39632608,586.80776156,154.78018868 -1.59776908,153.64829888,26.11876724
 58.562994,-79.39960884,-150.39698644 9.924541,-7.86089264,-27.61154944 9.924541,-7.86089264,-27.61154944 36.663387,-41.82414832,-126.12533212 36.663387,-41.82414832,-126.12533212 4.30446208,-6.8405514,-18.3070872 4.30446208,-6.8405514,-18.3070872 58.562994,-79.39960884,-150.39698644 4.30446208,-6.8405514,-18.3070872 15.48884564,-26.66994836,-100.32152552 15.48884564,-26.66994836,-100.32152552 12.877297,-67.76246936,-205.28543964 12.877297,-67.76246936,-205.28543964 59.5308418,-234.62271092,-576.77495284 59.5308418,-234.62271092,-576.77495284 4.30446208,-6.8405514,-18.3070872 59.5308418,-234.62271092,-576.77495284 116.31562052,-501.64371684,-976.1811336 116.31562052,-501.64371684,-976.1811336 22.76246792,-223.81562396,-414.2388584 22.76246792,-223.81562396,-414.2388584 2.23425204,-59.6948838,-120.69882276 2.23425204,-59.6948838,-120.69882276 116.31562052,-501.64371684,-976.1811336 2.23425204,-59.6948838,-120.69882276 -9.82939664,-157.7099788,-334.64568
 454.99345288,26.30577512,123.68438716 125.69226124,-30.89567028,35.18044732 168.74344372,-42.25065752,92.8149636 175.84974316,-61.40748228,108.50065964 175.84974316,-61.40748228,108.50065964 215.18373392,-112.942917,158.86155364 168.74344372,-42.25065752,92.8149636 98.3267748,-31.00065716,47.20472592 98.3267748,-31.00065716,47.20472592 331.91274028,-110.2034156,152.5426558 331.91274028,-110.2034156,152.5426558 30.6266414,-16.4534126,16.4698168 30.6266414,-16.4534126,16.4698168 84.07480584,-56.3648312,48.59580208 125.69226124,-30.89567028,35.18044732 49.61614332,-16.43372756,11.27296624 49.61614332,-16.43372756,11.27296624 190.16404808,-67.84449036,38.62861016 190.16404808,-67.84449036,38.62861016 81.90288976,-42.54593312,10.0229662 81.90288976,-42.54593312,10.0229662 566.8307268,-381.66339804,118.95669672 85.219819,3.12007884,47.44422724 168.74344372,-42.25065752,92.8149636 85.219819,3.12007884,47.44422724 454.99345288,26.30577512,123.68438716 168.74344372,-42.25065752,92.8149636 125.69226124,-30.89567028,35.18044732
 -9.53412104,44.67847912,-85.70866416 4.61286104,103.82874348,-155.0524984 4.61286104,103.82874348,-155.0524984 2.24409456,40.4199488,-50.10826932
 512.09647308,761.4993682,579.86550412 377.17848976,616.29267064,449.46195664 377.17848976,616.29267064,449.46195664 548.32022752,939.89176236,784.53414584 548.32022752,939.89176236,784.53414584 249.85565104,423.556444,412.78544628 249.85565104,423.556444,412.78544628 196.39436324,288.2381982,384.49148212 196.39436324,288.2381982,384.49148212 206.3156234,255.51510004,389.46523556 206.3156234,255.51510004,389.46523556 100.71194548,105.0196884,196.686358 100.71194548,105.0196884,196.686358 414.14699488,381.81759752,831.84385864 206.3156234,255.51510004,389.46523556 46.55183876,49.99672076,59.29134048 46.55183876,49.99672076,59.29134048 166.57480848,174.27493996,194.1108986 166.57480848,174.27493996,194.1108986 73.2611572,67.47375544,78.71063244
 84.42585572,-77.12926756,20.43307152 44.81955524,-39.4849094,10.54133892 44.81955524,-39.4849094,10.54133892 248.08727828,-202.8871456,38.27756028 248.08727828,-202.8871456,38.27756028 143.75984712,-125.164046,17.50656224 143.75984712,-125.164046,17.50656224 84.42585572,-77.12926756,20.43307152
 -4.81955396,10.41994784,1.0498688 -59.7440964,149.46194704,23.45144432
 -75.59711528,22.64107684,53.6581382 -114.23556796,48.55971284,92.54593472 -114.23556796,48.55971284,92.54593472 -65.04921468,34.7933082,52.12598592 -65.04921468,34.7933082,52.12598592 -124.42257616,91.8799242,114.02231336 -65.04921468,34.7933082,52.12598592 -75.59711528,22.64107684,53.6581382
 102.58858596,-251.67979808,124.80643444 108.88779876,-186.52559652,113.65157844
 4.40616812,3.43832032,435.0885966 -1.32217852,-10.84645704,183.16601636 -1.32217852,-10.84645704,183.16601636 -14.62598472,-43.69422712,329.40945936 -14.62598472,-43.69422712,329.40945936 -42.68700924,-63.32349284,353.0511924 -42.68700924,-63.32349284,353.0511924 -10.44619456,-21.78149676,95.15420252 -10.44619456,-21.78149676,95.15420252 -97.75918948,-117.26050244,465.26904376 -97.75918948,-117.26050244,465.26904376 -26.43700872,-24.3766412,126.70275996 -26.43700872,-24.3766412,126.70275996 -42.68700924,-63.32349284,353.0511924
 159.49475576,49.05511968,-240.5019762 numeric(0),numeric(0),numeric(0) numeric(0),numeric(0),numeric(0) 56.49934564,6.48950152,-54.30774452 56.49934564,6.48950152,-54.30774452 159.49475576,49.05511968,-240.5019762 numeric(0),numeric(0),numeric(0) 86.91601328,36.55840012,-108.75000348 86.91601328,36.55840012,-108.75000348 208.96982296,113.04462304,-248.64174024 208.96982296,113.04462304,-248.64174024 numeric(0),numeric(0),numeric(0) numeric(0),numeric(0),numeric(0) 165.5347822,67.18832236,-168.46129148 165.5347822,67.18832236,-168.46129148 56.49934564,6.48950152,-54.30774452 56.49934564,6.48950152,-54.30774452 62.61155056,7.21128632,-57.35892572 62.61155056,7.21128632,-57.35892572 101.1811056,4.15682428,-103.94357288 101.1811056,4.15682428,-103.94357288 56.49934564,6.48950152,-54.30774452
 317.5196952,89.27821808,204.53740812 345.97770136,115.34121104,166.8471182 317.5196952,89.27821808,204.53740812 270.21982492,97.64107924,148.06759004 270.21982492,97.64107924,148.06759004 345.97770136,115.34121104,166.8471182 345.97770136,115.34121104,166.8471182 333.78609992,140.7972486,99.41601368 333.78609992,140.7972486,99.41601368 248.71719956,123.18569948,44.74409592 248.71719956,123.18569948,44.74409592 130.34449236,76.81430692,7.30314984 130.34449236,76.81430692,7.30314984 158.25459824,85.52821796,10.01968536 158.25459824,85.52821796,10.01968536 330.56759588,156.66667168,35.14435808 330.56759588,156.66667168,35.14435808 323.30381612,134.22244524,37.6804474 323.30381612,134.22244524,37.6804474 175.6561736,49.49475224,25.29199556 175.6561736,49.49475224,25.29199556 579.08138336,123.85499084,75.85958248 579.08138336,123.85499084,75.85958248 458.23164196,41.29593308,66.22047456 458.23164196,41.29593308,66.22047456 107.58530528,-0.32480316,12.94947548 107.58530528,-0.32480316,12.94947548 44.6030198,-3.91076128,4.40944896 44.6030198,-3.91076128,4.40944896 104.79331044,-8.22506588,3.26771664 104.79331044,-8.22506588,3.26771664 159.78018884,-23.21522384,3.54002636 159.78018884,-23.21522384,3.54002636 136.14173664,-25.74475148,7.94619448 136.14173664,-25.74475148,7.94619448 167.78543844,-23.6056438,18.94357016 167.78543844,-23.6056438,18.94357016 44.6030198,-3.91076128,4.40944896
 21.16469884,-5.90223116,-12.49343872 410.25919948,-147.99541156,-222.64108324 410.25919948,-147.99541156,-222.64108324 657.26380056,-376.27625876,-410.4166798 657.26380056,-376.27625876,-410.4166798 232.21129352,-151.1811072,-165.82349612 232.21129352,-151.1811072,-165.82349612 45.2919962,-23.540027,-32.58202204 45.2919962,-23.540027,-32.58202204 116.26968876,-47.26706188,-79.48819152 116.26968876,-47.26706188,-79.48819152 138.74016192,-39.81627424,-92.09645964
 -18.78608984,39.4685052,-139.5341252 -13.2217852,42.74606436,-126.3451484 -13.2217852,42.74606436,-126.3451484 -125.21982028,200.52822164,-603.78610856 -125.21982028,200.52822164,-603.78610856 -18.78608984,39.4685052,-139.5341252 -125.21982028,200.52822164,-603.78610856 -85.24278488,244.67848552,-639.92456116 -125.21982028,200.52822164,-603.78610856 -26.08923968,35.34448932,-99.30774596 -26.08923968,35.34448932,-99.30774596 -36.14501428,35.3838594,-115.75459688 -36.14501428,35.3838594,-115.75459688 -125.21982028,200.52822164,-603.78610856
 -30.77099836,49.46194384,-26.30905596 -117.58202476,228.22835376,-119.23884896 -117.58202476,228.22835376,-119.23884896 -149.99672396,428.66471188,-343.4383312 -149.99672396,428.66471188,-343.4383312 -44.48162872,267.52297444,-254.63583492 -44.48162872,267.52297444,-254.63583492 -25.11154936,113.42520048,-141.50591004 -25.11154936,113.42520048,-141.50591004 -53.23819068,129.76050284,-132.17848192 -53.23819068,129.76050284,-132.17848192 -428.723767,716.45671584,-700.6725946 -428.723767,716.45671584,-700.6725946 -30.77099836,49.46194384,-26.30905596
 33.40223204,67.30315176,-144.1765138 13.48097156,27.7887148,-52.02099904 13.48097156,27.7887148,-52.02099904 131.27953176,224.53412792,-477.05382104 131.27953176,224.53412792,-477.05382104 23.28740232,34.59317696,-88.6482968 23.28740232,34.59317696,-88.6482968 33.40223204,67.30315176,-144.1765138
 33.17913492,-361.20079896,-207.96916676 8.40551208,-68.52690508,-32.81496168 9.03543336,-117.25394076,-87.85433352 12.52296628,-118.30052872,-81.40748292 12.52296628,-118.30052872,-81.40748292 2.12926516,-83.99606568,-49.3438336 2.12926516,-83.99606568,-49.3438336 -56.09908316,-1032.562369,-545.92193348 2.12926516,-83.99606568,-49.3438336 33.17913492,-361.20079896,-207.96916676 33.17913492,-361.20079896,-207.96916676 12.52296628,-118.30052872,-81.40748292 12.52296628,-118.30052872,-81.40748292 20.75459384,-74.07480552,-44.19947648 20.75459384,-74.07480552,-44.19947648 42.44750792,-210.24935056,-109.24541032 42.44750792,-210.24935056,-109.24541032 33.17913492,-361.20079896,-207.96916676 42.44750792,-210.24935056,-109.24541032 8.40551208,-68.52690508,-32.81496168 8.40551208,-68.52690508,-32.81496168 numeric(0),numeric(0),numeric(0) 20.75459384,-74.07480552,-44.19947648 31.19422672,-103.75000332,-56.8077446 31.19422672,-103.75000332,-56.8077446 49.05183884,-199.45538696,-101.49934708 49.05183884,-199.45538696,-101.49934708 42.44750792,-210.24935056,-109.24541032 49.05183884,-199.45538696,-101.49934708 90.715226,-352.48688792,-140.49541132 90.715226,-352.48688792,-140.49541132 35.64304576,-122.9166706,-51.03674704 35.64304576,-122.9166706,-51.03674704 152.14567416,-431.83072248,-157.23097616 152.14567416,-431.83072248,-157.23097616 43.57939772,-117.06365204,-40.21981756 31.19422672,-103.75000332,-56.8077446 98.42191916,-220.98425904,-111.36483296 98.42191916,-220.98425904,-111.36483296 203.82546584,-343.76969604,-209.91142404 203.82546584,-343.76969604,-209.91142404 274.88189856,-477.37534336,-389.68833268 274.88189856,-477.37534336,-389.68833268 65.63976588,-119.3241508,-122.05709052 65.63976588,-119.3241508,-122.05709052 49.22244252,-128.41863928,-117.94291716 65.63976588,-119.3241508,-122.05709052 35.39370192,-93.15617096,-98.95669608
 -52.65420116,-455.21655,-346.620746 -28.8221794,-376.46982832,-306.07940612 -28.8221794,-376.46982832,-306.07940612 -95.80709,-1766.821,-1491.414 -95.80709,-1766.821,-1491.414 -21.83070936,-219.87205428,-206.02690948 -21.83070936,-219.87205428,-206.02690948 -11.15813684,-52.6738862,-50.62992288 -11.15813684,-52.6738862,-50.62992288 -1176.024,-3969.898,-3775.699 -1176.024,-3969.898,-3775.699 -116.25000372,-379.46851608,-310.60368448 -116.25000372,-379.46851608,-310.60368448 -15.88582728,-50.51181264,-36.11220588 -15.88582728,-50.51181264,-36.11220588 -150.7874064,-392.21457948,-225.46260564 -150.7874064,-392.21457948,-225.46260564 -192.07021612,-460.32809872,-247.949483 -192.07021612,-460.32809872,-247.949483 -227.47047972,-395.31497328,-190.05249952 -192.07021612,-460.32809872,-247.949483 -153.58924376,-262.9757302,-149.28806252 -192.07021612,-460.32809872,-247.949483 -183.33662004,-335.69882964,-137.74934824
 -91.74212892,-143.48097572,-10.20669324 -38.55315084,-60.99409644,5.64960648 -38.55315084,-60.99409644,5.64960648 -41.41404332,-61.55512008,8.35629948 -41.41404332,-61.55512008,8.35629948 -133.530188,-181.78478272,41.9619436 -133.530188,-181.78478272,41.9619436 -80.74475324,-122.20800916,40.40682544 -80.74475324,-122.20800916,40.40682544 -18.25131292,-30.50853116,9.96719192 -18.25131292,-30.50853116,9.96719192 -198.23819532,-307.42783136,119.85564688 -198.23819532,-307.42783136,119.85564688 -80.74475324,-122.20800916,40.40682544 32.7427832,-130.78412492,9.9081368 5.63976396,-60.49540876,-3.07742792 5.63976396,-60.49540876,-3.07742792 -12.65748072,-155.757879,-35.72178592 -12.65748072,-155.757879,-35.72178592 -9.39304492,-95.73163036,-26.492783 -9.39304492,-95.73163036,-26.492783 -34.04855752,-197.260505,-45.64960776
 -341.11877732,140.78740608,-4.10433084 -378.198831,201.22375972,-2.77887148
 2.97244104,24.11089316,-99.97047564 50.65945044,145.20341672,-444.88846568
 17.32939688,116.961946,64.4849102 122.75590944,347.83793764,156.24672416 122.75590944,347.83793764,156.24672416 53.79265264,127.68045028,48.1955396 23.05446268,60.00000192,19.05183788 40.65616928,415.47901592,161.44029388 61.75525132,132.1194268,40.79396456 63.3038078,140.42323284,48.69094644 61.75525132,132.1194268,40.79396456 198.18570188,345.63321316,88.25787684 198.18570188,345.63321316,88.25787684 181.102368,225.27231692,45.92847916 23.05446268,60.00000192,19.05183788 53.79265264,127.68045028,48.1955396 23.05446268,60.00000192,19.05183788 56.4632564,134.09449248,41.36483072 56.4632564,134.09449248,41.36483072 61.75525132,132.1194268,40.79396456 53.79265264,127.68045028,48.1955396 59.33071056,135.62664476,47.89370232 59.33071056,135.62664476,47.89370232 63.3038078,140.42323284,48.69094644 63.3038078,140.42323284,48.69094644 199.41601688,310.50854012,164.7145722
 10.43635204,-82.52296852,-95.92519992 22.94619496,-194.05840516,-202.12927156
 90.04921548,-42.70997512,-174.44554364 39.13714036,-7.35564328,-64.31758736 39.13714036,-7.35564328,-64.31758736 11.94553844,1.0498688,-25.56758612 39.13714036,-7.35564328,-64.31758736 64.69488396,8.95997404,-127.94947916
 80.42323092,54.9212616,65.31168188 88.2874044,55.99737712,73.16929368 88.2874044,55.99737712,73.16929368 48.79593332,26.24015832,31.4468514 48.79593332,26.24015832,31.4468514 80.42323092,54.9212616,65.31168188
 -43.06758668,-133.8746762,-366.88649468 -44.8818912,-52.97244264,-177.89042564 -44.8818912,-52.97244264,-177.89042564 -9.4488192,-15.59383252,-36.45669408 -9.4488192,-15.59383252,-36.45669408 -43.06758668,-133.8746762,-366.88649468
 435.98098508,-329.8556536,-53.32677336 582.73951996,-317.11287104,-3.70406836 582.73951996,-317.11287104,-3.70406836 149.72441424,-68.5039392,-3.9862206 149.72441424,-68.5039392,-3.9862206 85.2034148,-35.80052608,-0.0328084 85.2034148,-35.80052608,-0.0328084 166.54528092,-64.468506,-0.36745408 166.54528092,-64.468506,-0.36745408 348.32350196,-105.47244432,-48.42847924 348.32350196,-105.47244432,-48.42847924 143.93373164,-28.04790116,-23.45472516 143.93373164,-28.04790116,-23.45472516 153.1496112,-24.96063072,-56.78477872 582.73951996,-317.11287104,-3.70406836 171.26640968,-82.76246984,-26.000657 171.26640968,-82.76246984,-26.000657 180.84974332,-97.74606612,-50.75787564 171.26640968,-82.76246984,-26.000657 264.83924732,-108.8254628,-53.9862222 264.83924732,-108.8254628,-53.9862222 303.4448916,-96.26968812,-76.97178724 303.4448916,-96.26968812,-76.97178724 149.14370556,-43.717193,-44.03871532 149.14370556,-43.717193,-44.03871532 235.5971204,-52.82808568,-93.51706336 137.6968548,-153.3628658,-34.47506672 435.98098508,-329.8556536,-53.32677336
 -330.46917068,20.41666732,37.89698284 -265.9284862,-23.15616872,-3.10695548 -265.9284862,-23.15616872,-3.10695548 -37.69357076,-6.92913408,-0.97112864 -37.69357076,-6.92913408,-0.97112864 -229.62927244,-89.52100024,-48.62861048 -229.62927244,-89.52100024,-48.62861048 -233.05118856,-152.64436184,-50.49540844 -233.05118856,-152.64436184,-50.49540844 -60.15092056,-40.57742912,-7.627953 -60.15092056,-40.57742912,-7.627953 -45.18044764,-38.95013248,-5.90879284 -229.62927244,-89.52100024,-48.62861048 -68.23819116,-29.91797996,-0.77427824 -68.23819116,-29.91797996,-0.77427824 -196.64698792,-115.42651288,6.14829416 -196.64698792,-115.42651288,6.14829416 -101.04331032,-89.59317872,4.4619424 -68.23819116,-29.91797996,-0.77427824 -193.37927128,-47.86089392,11.8274282 -193.37927128,-47.86089392,11.8274282 -102.71653872,-28.57283556,20.64632612 -193.37927128,-47.86089392,11.8274282 -37.69357076,-6.92913408,-0.97112864
 -407.808412,643.02167412,-826.22049888 -192.64764396,228.99278948,-395.99082632 -192.64764396,228.99278948,-395.99082632 -30.82021096,35.2362216,-66.13845356 -30.82021096,35.2362216,-66.13845356 -254.78347272,209.81299884,-471.5551332 -254.78347272,209.81299884,-471.5551332 -858.6450406,511.53873028,-1404.71789272 -858.6450406,511.53873028,-1404.71789272 -72.77887372,24.0813656,-89.50459604 -72.77887372,24.0813656,-89.50459604 -54.88189152,20.71194292,-65.66929344 -54.88189152,20.71194292,-65.66929344 -68.9468526,34.10105096,-69.553808 -68.9468526,34.10105096,-69.553808 -37.34580172,28.47441036,-40.06233724 -37.34580172,28.47441036,-40.06233724 -290.88911692,271.26641288,-376.558411 -290.88911692,271.26641288,-376.558411 -407.808412,643.02167412,-826.22049888


