0 49.17,26.807,113.163,-3.489,19.899,-12.124 14.426,5.669,27.102,-6.937,44.411,2.467 14.426,5.669,27.102,-6.937,44.411,2.467 79.837,20.168,146.837,-5.755,19.659,-7.597 79.837,20.168,146.837,-5.755,19.659,-7.597 38.521,6.88,59.204,3.652,17.441,-9.198 38.521,6.88,59.204,3.652,17.441,-9.198 8.6,0.345,14.41,16.438,42.335,2.34 14.426,5.669,27.102,-6.937,44.411,2.467 30.697,32.01,59.95,1.932,2.27,1.531 30.697,32.01,59.95,1.932,2.27,1.531 62.885,77.881,118.709,-5.423,21.534,-13.871 62.885,77.881,118.709,-5.423,21.534,-13.871 14.189,15.239,18.072,1.914,2.514,2.48 62.885,77.881,118.709,-5.423,21.534,-13.871 59.861,87.855,117.193,-0.142,31.536,-18.168 59.861,87.855,117.193,-0.142,31.536,-18.168 76.156,129.1,125.817,-2.395,18.963,-16.453 76.156,129.1,125.817,-2.395,18.963,-16.453 114.964,187.846,136.996,4.336,24.217,1.021 59.861,87.855,117.193,-0.142,31.536,-18.168 1.713,8.954,9.44,1.873,34.804,-2.49 1.713,8.954,9.44,1.873,34.804,-2.49 5.282,35.65,19.655,-0.944,24.538,-25.455 1.713,8.954,9.44,1.873,34.804,-2.49 12.404,52.182,47.012,-5.054,22.263,-12.758 12.404,52.182,47.012,-5.054,22.263,-12.758 31.348,111.139,75.467,3.415,21.303,0.111
1 -18.53,-9.395,24.165,-3.475,18.771,-9.874 -13.342,-5.117,20.352,6.131,-13.111,-6.12 -13.342,-5.117,20.352,6.131,-13.111,-6.12 -13.776,-3.309,20.973,7.161,-12.068,-8.062 -13.776,-3.309,20.973,7.161,-12.068,-8.062 -13.463,-0.907,20.804,8.348,-11.684,-9.872 -13.463,-0.907,20.804,8.348,-11.684,-9.872 -13.103,3.398,20.361,7.207,-11.647,-7.828 -17.299,4.335,33.191,4.676,23.956,-10.908 -15.095,0.406,20.553,8.431,-13.26,-9.677
2 18.918,224.809,-7.652,-2.738,18.376,2.106 62.775,602.667,-12.713,-1.571,26.234,-3.59 62.775,602.667,-12.713,-1.571,26.234,-3.59 25.868,210.73,-1.108,0.282,16.088,0.48
3 1.343,1.048,132.615,-11.448,26.328,-17.093 1.343,1.048,132.615,-11.448,26.328,-17.093
4 -8.823,-5.933,3.699,-57.743,31.49,-102.416 -8.823,-5.933,3.699,-57.743,31.49,-102.416
5 0.961,-5.908,4.81,4.657,16.953,0.578 0.961,-5.908,4.81,4.657,16.953,0.578
6 2.355,-4.487,0.791,-1.099,30.18,5.24 2.355,-4.487,0.791,-1.099,30.18,5.24
7 61.665,94.489,50.484,1.132,22.481,-18.974 61.665,94.489,50.484,1.132,22.481,-18.974
8 -1.469,3.176,0.32,11.847,2.822,-17.528 -1.469,3.176,0.32,11.847,2.822,-17.528
9 -5.312,12.13,8.239,9.608,16.087,-6.132 -5.312,12.13,8.239,9.608,16.087,-6.132 -4.055,8.195,4.867,25.656,17.426,-0.3 -4.055,8.195,4.867,25.656,17.426,-0.3
