 numeric(0),numeric(0),numeric(0),numeric(0),numeric(0),numeric(0) numeric(0),numeric(0),numeric(0),numeric(0),numeric(0),numeric(0) numeric(0),numeric(0),numeric(0),numeric(0),numeric(0),numeric(0) numeric(0),numeric(0),numeric(0),numeric(0),numeric(0),numeric(0)
 -16.286,-6.616,4.311,-23.018,12.501,-46.806 -16.386,-5.704,2.88,18.656,36.111,11.251 -16.386,-5.704,2.88,18.656,36.111,11.251 -194.393,-68.461,19.735,23.899,15.867,7.196
 -59.938,-35.182,1.874,4.871,-3.759,-7.182 -55.471,-24.158,3.869,15.7,-7.125,-7.435
 -20.799,-9.119,-0.236,-0.018,32.778,5.365 -69.991,-27.286,-14.822,-4.44,14.826,-11.493 -131.669,-55.866,-15.679,-40.994,59.445,-32.739 -27.837,-10.763,-2.697,-4.492,-25.76,-6.387
 -84.887,-26.745,-8.631,0.641,15.869,-13.661 -84.887,-26.745,-8.631,0.641,15.869,-13.661
 -74.275,-29.803,-22.909,-8.391,48.323,11.31 -30.542,-9.932,-9.33,28.069,-7.071,-40.44
 -33.898,-12.157,-15.413,11.634,-9.234,-5.595 -62.601,-19.454,-27.986,19.662,13.375,-7.238
 -9.488,-5.188,3.597,-7.769,-0.496,-18.041 -13.293,-6.719,4.684,-0.139,38.819,-0.544 -13.293,-6.719,4.684,-0.139,38.819,-0.544 -63.662,-32.956,20.282,-6.586,33.682,12.016
 -56.655,-49.791,23.008,-12.355,18.793,-21.481 -70.905,-59.88,27.347,3.971,-5.005,7.5 -70.905,-59.88,27.347,3.971,-5.005,7.5 -39.926,-33.844,12.787,12.506,-6.931,-4.577
 -8.823,-5.933,3.699,-57.743,31.49,-102.416 -8.823,-5.933,3.699,-57.743,31.49,-102.416
 -29.67,-22.399,-1.446,-6.977,25.388,-0.211 -18.334,-12.368,-2.325,-9.725,-3.275,-45.541 -18.334,-12.368,-2.325,-9.725,-3.275,-45.541 -71.034,-46.526,-15.391,-3.695,-5.684,56.66 -71.034,-46.526,-15.391,-3.695,-5.684,56.66 -43.372,-30.119,-12.552,5.116,8.515,9.453
 -59.688,-31.029,-22.032,21.342,49.172,0.126 -90.892,-51.697,-48.698,-10.992,24.8,-17.655 -90.892,-51.697,-48.698,-10.992,24.8,-17.655 -24.639,-15.154,-14.537,-9.016,-13.361,-31.587 -24.639,-15.154,-14.537,-9.016,-13.361,-31.587 -49.626,-32.464,-30.557,-18.106,-6.766,-22.353 -49.626,-32.464,-30.557,-18.106,-6.766,-22.353 -37.671,-27.143,-24.433,-33.093,38.229,-35.278 -37.671,-27.143,-24.433,-33.093,38.229,-35.278 -92.361,-69.709,-65.446,-13.916,8.008,-21.392
 -12.359,-7.624,-10.694,-1.855,51.018,-36.42 -54.086,-43.606,-62.903,-2.316,18.284,-10.684
 -16.449,-12.861,16.495,23.25,36.68,-7.903 -16.449,-12.861,16.495,23.25,36.68,-7.903
 -41.583,-36.463,28.27,7.581,26.482,-5.225 -10.681,-8.548,7.817,12.103,-8.354,8.903 -10.681,-8.548,7.817,12.103,-8.354,8.903 -34.262,-26.727,25.465,6.17,35.255,17.613
 -72.614,-53.955,31.551,5.461,43.648,2.185 -27.76,-17.753,15.43,-14.079,-4.262,-4.766 -27.76,-17.753,15.43,-14.079,-4.262,-4.766 -101.741,-52.802,44.609,11.337,-7.971,8.15
 -66.527,-44.388,14.247,-27.962,-8.24,-59.312 -55.987,-40.445,10.256,0.598,31.134,-5.88 -55.987,-40.445,10.256,0.598,31.134,-5.88 -38.19,-27.795,4.815,0.303,21.979,-0.172 -38.19,-27.795,4.815,0.303,21.979,-0.172 -63.297,-41.209,3.178,-8.177,13.023,-9.621 -63.297,-41.209,3.178,-8.177,13.023,-9.621 -55.364,-33.243,5.537,18.607,15.039,-2.938 -55.364,-33.243,5.537,18.607,15.039,-2.938 -70.647,-41.341,12.81,20.972,-2.726,-3.09 -70.647,-41.341,12.81,20.972,-2.726,-3.09 -66.527,-44.388,14.247,-27.962,-8.24,-59.312
 -27.963,-43.733,-3.111,-15.311,20.933,-6.206 -27.963,-43.733,-3.111,-15.311,20.933,-6.206
 -36.549,-42.42,-9.253,3.488,43.778,0.196 -28.132,-38.552,-12.6,28.013,12.734,8.968 -28.132,-38.552,-12.6,28.013,12.734,8.968 -73.216,-81.473,-39.418,-2.996,26.05,-12.839 -73.216,-81.473,-39.418,-2.996,26.05,-12.839 -16.409,-15.152,-6.422,26.618,40.427,5.599
 -50.079,-51.89,-34.061,-12.699,26.848,-12.866 -56.152,-65.647,-50.174,-0.195,6.118,0.178 -56.152,-65.647,-50.174,-0.195,6.118,0.178 -60.214,-55.317,-43.403,-54.862,91.77,-19.518
 -35.332,-49.09,-32.342,9.691,20.845,10.791 -56.468,-79.647,-55.865,-7.054,10.425,-13.773
 -73.355,-62.612,-104.837,-2.692,16.48,-14.753 -73.355,-62.612,-104.837,-2.692,16.48,-14.753
 -44.364,-5.172,-88.035,9.133,17.729,6.691 -34.633,-3.237,-61.233,-29.391,54.663,19.484 -34.633,-3.237,-61.233,-29.391,54.663,19.484 -14.607,-1.999,-22.801,17.496,-1.236,-36.108 -14.607,-1.999,-22.801,17.496,-1.236,-36.108 -80.491,-2.937,-98.485,-5.009,28.502,-10.966 -80.491,-2.937,-98.485,-5.009,28.502,-10.966 -80.117,-9.851,-96.989,-1.418,19.216,-11.189 -80.117,-9.851,-96.989,-1.418,19.216,-11.189 -25.772,-4.72,-30.098,-2.339,35.588,4.376 -25.772,-4.72,-30.098,-2.339,35.588,4.376 -70.726,-32.938,-105.309,0.34,10.164,-7.141 -70.726,-32.938,-105.309,0.34,10.164,-7.141 -201.247,-141.342,-369.954,-2.409,22.593,-12.125 -201.247,-141.342,-369.954,-2.409,22.593,-12.125 -201.247,-141.342,-369.954,-2.409,22.593,-12.125 -201.247,-141.342,-369.954,-2.409,22.593,-12.125 -49.947,-35.83,-100.149,-28.216,12.001,-7.822 -49.947,-35.83,-100.149,-28.216,12.001,-7.822 -65.716,-15.957,-104.846,-5.339,17.955,-16.046 -42.169,-8.91,-73.723,-7.554,18.364,-16.432 -14.607,-1.999,-22.801,17.496,-1.236,-36.108 -14.607,-1.999,-22.801,17.496,-1.236,-36.108 -72.217,-4.779,-119.265,-6.63,24.051,-22.683 -70.726,-32.938,-105.309,0.34,10.164,-7.141 -234.724,-137.883,-278.021,28.033,8.146,-26.308 -234.724,-137.883,-278.021,28.033,8.146,-26.308 -80.8,-46.031,-92.356,-3.433,18.044,-13.085 -80.8,-46.031,-92.356,-3.433,18.044,-13.085 -89.371,-46.334,-92.16,-5.633,13.871,-14.839 -89.371,-46.334,-92.16,-5.633,13.871,-14.839 -13.563,-4.976,-10.773,-5.885,28.849,-6.085 -13.563,-4.976,-10.773,-5.885,28.849,-6.085 -15.376,-5,-12.543,-4.291,37.612,11.523 -15.376,-5,-12.543,-4.291,37.612,11.523 -33.866,-8.043,-29.393,8.293,-13.489,-1.989 -33.866,-8.043,-29.393,8.293,-13.489,-1.989 -25.772,-4.72,-30.098,-2.339,35.588,4.376 -33.866,-8.043,-29.393,8.293,-13.489,-1.989 -25.772,-4.72,-30.098,-2.339,35.588,4.376 -201.247,-141.342,-369.954,-2.409,22.593,-12.125 -14.272,-15.89,-27.435,-3.458,23.998,0.573 -14.272,-15.89,-27.435,-3.458,23.998,0.573 -25.098,-27.858,-42.737,-23.196,13.361,-26.345 -25.098,-27.858,-42.737,-23.196,13.361,-26.345 -44.694,-52.578,-76.305,-10.622,11.405,-21.862 -49.947,-35.83,-100.149,-28.216,12.001,-7.822 -9.972,-11.626,-25.292,-3.314,17.059,-18.996
 -0.495,-0.414,-1.157,-7.058,24.214,24.353 -5.32,-4.564,-15.015,0.48,20.349,-14.302 -5.32,-4.564,-15.015,0.48,20.349,-14.302 -50.954,-30.563,-104.479,-1.853,21.452,-12.274 -50.954,-30.563,-104.479,-1.853,21.452,-12.274 -0.495,-0.414,-1.157,-7.058,24.214,24.353
 -43.544,-105.394,-53.455,-19.584,-40.846,-38.987 -50.591,-115.78,-54.8,3.473,15.099,-9.975 -50.591,-115.78,-54.8,3.473,15.099,-9.975 -17.999,-44.626,-18.922,2.334,-7.456,7.167 -17.999,-44.626,-18.922,2.334,-7.456,7.167 -23.347,-52.503,-20.956,-4.001,6.33,-13.152
 -60.661,-119.049,-47.211,-2.444,6.213,-18.529 -60.661,-119.049,-47.211,-2.444,6.213,-18.529
 -55.881,-102.321,-41.986,-0.654,7.074,-13.417 -62.51,-116.103,-49.745,-2.062,10.589,-13.624 -62.51,-116.103,-49.745,-2.062,10.589,-13.624 -39.521,-73.865,-31.938,21.051,1.203,-16.317
 -88.854,-184.187,-74.853,8.308,33.123,5.022 -46.826,-94.415,-40.682,-5.599,9.338,-15.067 -46.826,-94.415,-40.682,-5.599,9.338,-15.067 -16.027,-32.031,-14.036,-29.136,-8.089,-6.369
 -55.881,-102.321,-41.986,-0.654,7.074,-13.417 -69.333,-120.492,-57.928,2.911,17.47,-21.625 -69.333,-120.492,-57.928,2.911,17.47,-21.625 -46.814,-80.155,-45.503,-1.037,10.272,-10.213 -46.814,-80.155,-45.503,-1.037,10.272,-10.213 -64.636,-108.519,-70.633,-6.132,10.082,-16.64
 -28.249,-47.432,-37.19,10.91,10.941,-4.342 -26.598,-42.138,-33.141,-1.554,0.685,-8.653
 -67.349,-109.486,-60.836,-1.002,19.379,-10.39 -67.349,-109.486,-60.836,-1.002,19.379,-10.39
 -21.327,-41.856,-8.337,-1.234,8.499,-5.176 numeric(0),numeric(0),numeric(0),numeric(0),numeric(0),numeric(0) numeric(0),numeric(0),numeric(0),numeric(0),numeric(0),numeric(0) -68.657,-116.776,-34.477,-3.613,11.954,-8.969 -68.657,-116.776,-34.477,-3.613,11.954,-8.969 -25.878,-42.158,-14.868,14.402,-23.399,30.857
 -45.96,-119.547,-68.721,-3.527,7.321,-14.606 -58.543,-140.308,-75.575,-3.31,13.302,-15.392 -58.543,-140.308,-75.575,-3.31,13.302,-15.392 -80.536,-175.075,-92.302,-7.064,8.955,-17.767
 -57.389,-78.369,-84.936,-2.739,12.876,-13.068 -131.224,-158.301,-176.532,-4.894,32.564,-21.879 -131.224,-158.301,-176.532,-4.894,32.564,-21.879 -70.734,-86.328,-110.403,-8.584,13.301,-16.276 -70.734,-86.328,-110.403,-8.584,13.301,-16.276 -7.045,-10.174,-12.23,-1.069,22.955,-12.842 -7.045,-10.174,-12.23,-1.069,22.955,-12.842 -57.389,-78.369,-84.936,-2.739,12.876,-13.068 -57.389,-78.369,-84.936,-2.739,12.876,-13.068 -51.553,-89.402,-81.786,-7.367,9.209,-18.303 -22.825,-40.846,-54.265,10.938,-9.574,1.694 -7.045,-10.174,-12.23,-1.069,22.955,-12.842 -7.045,-10.174,-12.23,-1.069,22.955,-12.842 -12.568,-23.265,-26.603,5.707,4.029,15.635 -60.952,-60.176,-80.247,-2.531,24.132,-15.004 -70.734,-86.328,-110.403,-8.584,13.301,-16.276 -70.734,-86.328,-110.403,-8.584,13.301,-16.276 -63.982,-66.905,-99.452,-6.364,15.143,-12.924 -44.026,-53.316,-50.72,-0.589,57.546,-10.95 -131.224,-158.301,-176.532,-4.894,32.564,-21.879
 -14.292,-113.998,-51.063,2.644,16.972,-9.084 -3.332,-22.547,-10.231,5.247,37.079,1.566 -3.332,-22.547,-10.231,5.247,37.079,1.566 -19.993,-119.504,-56.499,-4.182,8.957,-12.733 -19.993,-119.504,-56.499,-4.182,8.957,-12.733 -1.03,-5.222,-2.665,-11.038,16.736,-29.112
 -1.362,-30.764,-23.242,6.672,-23.332,-11.007 -1.362,-30.764,-23.242,6.672,-23.332,-11.007
 -5.972,-207.035,-144.464,3.135,9.867,-2.034 -5.972,-207.035,-144.464,3.135,9.867,-2.034
 -8.555,-80.249,-85.061,-11.481,23.634,-8.356 -1.069,-76.329,-74.604,-2.276,-15.875,-33.212 -1.069,-76.329,-74.604,-2.276,-15.875,-33.212 4.235,-86.363,-89.396,-12.638,30.976,0.316 4.235,-86.363,-89.396,-12.638,30.976,0.316 6.298,-217.61,-260.29,-14.293,9.6,-12.283 6.298,-217.61,-260.29,-14.293,9.6,-12.283 -6.474,-52.425,-62.676,-9.614,21.29,-16.815 -6.474,-52.425,-62.676,-9.614,21.29,-16.815 -8.555,-80.249,-85.061,-11.481,23.634,-8.356
 -4.842,-15.396,-11.007,-49.3,32.099,-17.886 -35.433,-115.662,-94.672,2.451,29.978,3.021 -35.433,-115.662,-94.672,2.451,29.978,3.021 -8.585,-29.255,-27.803,-11.339,49.39,-20.272 -8.585,-29.255,-27.803,-11.339,49.39,-20.272 -3.401,-16.055,-15.432,10.734,39.325,-3.864 -3.401,-16.055,-15.432,10.734,39.325,-3.864 -6.654,-67.017,-62.797,2.588,-0.708,-0.985 -6.654,-67.017,-62.797,2.588,-0.708,-0.985 -29.202,-538.527,-454.583,1.806,32.988,4.25 -29.202,-538.527,-454.583,1.806,32.988,4.25 -8.785,-114.748,-93.293,-2.852,22.458,-5.123 -8.785,-114.748,-93.293,-2.852,22.458,-5.123 -16.049,-138.75,-105.65,-5.342,18.126,-18.021 -16.049,-138.75,-105.65,-5.342,18.126,-18.021 -17.881,-139.409,-107.055,-2.409,8.802,-24.263
 -40.477,-133.092,-108.754,-6.545,13.329,-15.5 -35.433,-115.662,-94.672,2.451,29.978,3.021
 0.649,-25.602,-15.04,-7.694,-6.225,-33.179 10.113,-110.094,-63.389,17.641,27.3,-4.392 10.113,-110.094,-63.389,17.641,27.3,-4.392 3.817,-36.058,-24.813,-11.043,25.952,-12.852 3.817,-36.058,-24.813,-11.043,25.952,-12.852 2.754,-35.739,-26.778,-28.901,18.181,-28.909
 18.977,-136.076,-141.852,-4.947,12.296,-22.202 11.936,-101.224,-113.666,-0.475,27.145,-29.596 11.936,-101.224,-113.666,-0.475,27.145,-29.596 3.181,-25.153,-29.238,18.566,54.831,-4.118
 6.994,-59.149,-61.609,-8.835,14.833,-14.965 6.994,-59.149,-61.609,-8.835,14.833,-14.965
 41.423,-147.099,-9.88,-2.543,39.377,7.573 11.077,-37.246,-3.319,-7.198,11.802,-15.452 11.077,-37.246,-3.319,-7.198,11.802,-15.452 11.675,-42.328,-4.413,-16.732,41.661,-3.87 11.675,-42.328,-4.413,-16.732,41.661,-3.87 15.925,-62.636,-6.618,-4.607,95.069,-3.214 15.925,-62.636,-6.618,-4.607,95.069,-3.214 41.955,-200.937,-17.049,-13.747,27.754,-13.576 41.955,-200.937,-17.049,-13.747,27.754,-13.576 80.74,-384.115,-39.213,-73.475,-54.064,-64.31 80.74,-384.115,-39.213,-73.475,-54.064,-64.31 32.713,-170.194,-25.207,15.954,12.794,5.241 32.713,-170.194,-25.207,15.954,12.794,5.241 11.188,-59.963,-9.718,-5.646,41.917,7.09 11.188,-59.963,-9.718,-5.646,41.917,7.09 8.558,-55.27,-8.103,-1.161,-24.027,-88.409
 160.831,-431.729,-131.716,3.401,-4.066,-15.261 13.283,-35.681,-12.259,-3.901,-4.009,3.527 13.283,-35.681,-12.259,-3.901,-4.009,3.527 46.374,-131.622,-47.924,-2.057,-16.088,-13.047 44.828,-142.689,-57.483,-6.785,18.168,-22.516 10.864,-37.465,-15.556,20.643,-15.831,-20.886 10.864,-37.465,-15.556,20.643,-15.831,-20.886 27.65,-107.438,-42.823,12.964,25.443,0.075
 206.093,-458.092,-61.921,-5.996,19.023,-5.393 55.403,-125.732,-25.615,-7.583,29.9,3.783
 numeric(0),numeric(0),numeric(0),numeric(0),numeric(0),numeric(0) 2.562,-20.887,-10.002,-10.878,46.816,0.083 2.562,-20.887,-10.002,-10.878,46.816,0.083 12.938,-64.084,-33.298,21.332,-15.765,-9.845 12.938,-64.084,-33.298,21.332,-15.765,-9.845 14.951,-60.794,-30.937,0.26,18.171,-10.752 14.951,-60.794,-30.937,0.26,18.171,-10.752 9.508,-31.623,-17.315,-2.94,-21.399,-60.297 9.508,-31.623,-17.315,-2.94,-21.399,-60.297 6.326,-22.578,-13.472,3.469,-19.081,-10.553
 35.102,-121.58,-76.178,-5.145,27.435,0.609 24.502,-94.141,-58.533,-9.288,-64.766,-66.478
 22.419,-46.731,-14.984,-3.426,46.463,9.926 27.74,-55.419,-22.265,-31.232,-28.132,-34.048 27.74,-55.419,-22.265,-31.232,-28.132,-34.048 20.387,-45.412,-23.089,8.418,25.471,2.491 20.387,-45.412,-23.089,8.418,25.471,2.491 25.544,-65.454,-32.033,4.933,51.408,0.136
 15.623,-197.927,-101.349,4.336,17.552,3.781 15.623,-197.927,-101.349,4.336,17.552,3.781
 17.202,-68.634,-65.317,-17.861,20.48,4.154 17.195,-79.461,-77.638,10.61,11.598,-3.683 17.195,-79.461,-77.638,10.61,11.598,-3.683 24.137,-138.347,-131.814,-30.119,0.439,-48.791 24.137,-138.347,-131.814,-30.119,0.439,-48.791 17.466,-118.625,-109.152,22.71,14.853,-11.391 17.466,-118.625,-109.152,22.71,14.853,-11.391 7.429,-52.271,-43.839,8.235,16.431,-3.356 7.429,-52.271,-43.839,8.235,16.431,-3.356 9.338,-48.285,-38.873,-7.104,37.731,9.902 9.338,-48.285,-38.873,-7.104,37.731,9.902 25.673,-101.693,-80.025,3.326,9.285,-12.38 25.673,-101.693,-80.025,3.326,9.285,-12.38 6.354,-24.254,-18.967,-10.244,-38.072,-44.254 6.354,-24.254,-18.967,-10.244,-38.072,-44.254 3.946,-13.232,-10.429,-8.463,56.204,13.757 3.946,-13.232,-10.429,-8.463,56.204,13.757 8.695,-27.8,-22.679,2.508,41.608,8.931 8.695,-27.8,-22.679,2.508,41.608,8.931 39.672,-125.767,-108.096,-1.916,17.511,-25.809 39.672,-125.767,-108.096,-1.916,17.511,-25.809 12.654,-41.164,-36.776,15.482,-7.065,-19.27 12.654,-41.164,-36.776,15.482,-7.065,-19.27 11.085,-39.231,-36.829,9.311,20.943,-0.113 11.085,-39.231,-36.829,9.311,20.943,-0.113 17.202,-68.634,-65.317,-17.861,20.48,4.154
 38.085,-52.487,40.822,3.704,16.983,-9.777 16.888,-30.371,24.408,-14.982,12.792,-19.951 16.888,-30.371,24.408,-14.982,12.792,-19.951 31.615,-64.622,54.912,15.579,39.096,-2.485 31.615,-64.622,54.912,15.579,39.096,-2.485 16.489,-66.962,66.471,-2.072,46.651,7.163
 7.234,-36.924,31.205,-5.501,30.675,-10.989 0.961,-5.908,4.81,4.657,16.953,0.578 0.961,-5.908,4.81,4.657,16.953,0.578 7.362,-37.203,29.211,1.801,25.104,-11.089
 43.111,-163.912,108.765,-7.159,16.034,-9.204 50.318,-226.595,152.835,-2.129,22.016,-20.268 50.318,-226.595,152.835,-2.129,22.016,-20.268 44.484,-183.508,141.765,-12.385,19.743,-13.862 44.484,-183.508,141.765,-12.385,19.743,-13.862 84.278,-252.768,216.891,-4.543,6.024,-8.746
 25.525,-38.463,12.54,-9.13,36.496,3.841 99.547,-166.495,55.739,-2.041,13.52,-11.787 99.547,-166.495,55.739,-2.041,13.52,-11.787 8.756,-14.558,5.217,-20.093,-29.925,-32.275 8.756,-14.558,5.217,-20.093,-29.925,-32.275 139.319,-241.173,87.906,-3.798,10.096,-22.763 139.319,-241.173,87.906,-3.798,10.096,-22.763 122.099,-204.674,79.748,19.121,-5.723,-19.513 122.099,-204.674,79.748,19.121,-5.723,-19.513 41.183,-72.232,29.431,6.634,43.241,-2.056 41.183,-72.232,29.431,6.634,43.241,-2.056 77.994,-154.088,57.9,-3.62,-1.606,10.041 77.994,-154.088,57.9,-3.62,-1.606,10.041 55.185,-116.944,40.712,-1.453,15.396,-26.889 77.994,-154.088,57.9,-3.62,-1.606,10.041 52.685,-112.859,40.502,10.968,-1.368,-11.333
 78.634,-157.27,32.948,11.528,7.726,-1.497 2.355,-4.487,0.791,-1.099,30.18,5.24 2.355,-4.487,0.791,-1.099,30.18,5.24 6.564,-11.926,1.529,-15.184,33.829,-35.602
 8.926,-16.961,3.523,20.786,8.451,-12.435 26.995,-49.59,8.399,5.946,46.634,-27.869 26.995,-49.59,8.399,5.946,46.634,-27.869 83.875,-139.4,20.777,-6.205,31.728,5.564
 13.458,-30.919,4.367,23.138,32.983,-28.231 5.65,-14.436,0.844,6.345,34.891,4.304 100.48,-217.473,22.636,2.804,6.246,-5.589 5.65,-14.436,0.844,6.345,34.891,4.304 5.65,-14.436,0.844,6.345,34.891,4.304 421.177,-1062.172,6.752,-2.979,-0.747,-12.43 421.177,-1062.172,6.752,-2.979,-0.747,-12.43 72.258,-160.93,-3.962,-9.993,19.344,-17.621 72.258,-160.93,-3.962,-9.993,19.344,-17.621 128.345,-240.186,4.78,15.314,-4.302,-10.553 128.345,-240.186,4.78,15.314,-4.302,-10.553 37.988,-58.886,-1.005,-4.689,29.076,1.914
 18.489,-26.888,-7.261,8.427,4.865,0.221 55.92,-79.117,-25.564,9.157,26.892,11.277 55.92,-79.117,-25.564,9.157,26.892,11.277 17.328,-22.817,-9.206,8.397,-15.04,-7.066 17.328,-22.817,-9.206,8.397,-15.04,-7.066 41.135,-53.658,-22.732,-4.454,21.96,-22.242 41.135,-53.658,-22.732,-4.454,21.96,-22.242 113.225,-151.186,-62.145,-0.063,26.124,-10.349 113.225,-151.186,-62.145,-0.063,26.124,-10.349 55.92,-79.117,-25.564,9.157,26.892,11.277 55.92,-79.117,-25.564,9.157,26.892,11.277 46.143,-65.494,-18.142,2.774,5.616,-5.36
 215.562,-258.56,-89.915,-5.186,12.876,-30.083 60.552,-71.817,-27.156,-18.592,-26.407,33.893 60.552,-71.817,-27.156,-18.592,-26.407,33.893 118.138,-140.73,-60.194,-26.602,-0.763,-15.971
 11.607,-61.675,91.448,-7.153,27.653,-16.827 11.788,-51.883,89.923,32.318,34.584,-19.288 11.788,-51.883,89.923,32.318,34.584,-19.288 75.546,-527.919,822.637,3.732,-23.865,-30.758 3.143,-30.021,49.842,-13.324,28.254,-15.156 11.788,-51.883,89.923,32.318,34.584,-19.288 11.788,-51.883,89.923,32.318,34.584,-19.288 9.665,-58.444,113.924,-10.75,31.483,2.306 9.665,-58.444,113.924,-10.75,31.483,2.306 4.233,-37.177,82.346,47.751,-18.329,24.143 0.606,-9.988,20.883,37.512,21.421,-30.84 9.665,-58.444,113.924,-10.75,31.483,2.306
 7.437,-21.265,30.299,-1.496,36.524,-10.136 8.871,-21.494,29.475,-8.121,29.382,-1.604 8.871,-21.494,29.475,-8.121,29.382,-1.604 4.816,-10.761,14.161,-14.803,31.823,-6.157 4.816,-10.761,14.161,-14.803,31.823,-6.157 20.385,-86.191,108.242,7.372,-18.094,-5.46
 28.278,-25.254,22.09,17.228,-13.469,-3.685 122.733,-104.9,112.618,6.965,8.728,7.531 122.733,-104.9,112.618,6.965,8.728,7.531 12.034,-10.573,12.536,-19.513,42.27,16.901 12.034,-10.573,12.536,-19.513,42.27,16.901 60.356,-61.863,75.575,-5.407,12.175,-28.252 60.356,-61.863,75.575,-5.407,12.175,-28.252 197.251,-232.113,307.601,-1.302,6.476,-1.315 197.251,-232.113,307.601,-1.302,6.476,-1.315 102.255,-155.031,197.362,0.522,9.008,-4.18 102.255,-155.031,197.362,0.522,9.008,-4.18 14.752,-29.922,33.513,-1.144,23.545,-6.694 14.752,-29.922,33.513,-1.144,23.545,-6.694 249.318,-348.796,363.041,2.645,7.428,-7.06 249.318,-348.796,363.041,2.645,7.428,-7.06 12.263,-13.835,12.456,9.233,46.323,22.854 12.263,-13.835,12.456,9.233,46.323,22.854 28.278,-25.254,22.09,17.228,-13.469,-3.685
 22.698,-25.507,9.871,-1.804,-5.697,-33.755 48.015,-57.406,21.336,12.956,15.641,1.984 48.015,-57.406,21.336,12.956,15.641,1.984 18.994,-23.134,7.794,0.397,26.847,-12.557 18.994,-23.134,7.794,0.397,26.847,-12.557 42.742,-49.404,17.595,3.02,-13.619,-10.97 42.742,-49.404,17.595,3.02,-13.619,-10.97 22.698,-25.507,9.871,-1.804,-5.697,-33.755 18.994,-23.134,7.794,0.397,26.847,-12.557 40.586,-50.43,16.951,-6.123,30.631,-3.48
 106.704,-110.871,37.572,2.765,14.947,-11.025 43.905,-55.22,16.323,4.34,36.731,1.685 43.905,-55.22,16.323,4.34,36.731,1.685 37.421,-45.469,11.85,-0.526,18.055,-5.373 37.421,-45.469,11.85,-0.526,18.055,-5.373 18.906,-22.706,5.256,0.132,70.473,-4.913 18.906,-22.706,5.256,0.132,70.473,-4.913 61.58,-77.965,19.858,-5.831,15.713,-17.166 61.58,-77.965,19.858,-5.831,15.713,-17.166 43.905,-55.22,16.323,4.34,36.731,1.685
 45.804,-54.871,0.607,-0.726,55.332,-6.952 55.739,-67.414,-1.687,-0.059,12.286,-7.966 55.739,-67.414,-1.687,-0.059,12.286,-7.966 154.602,-189.684,-10.898,3.24,15.989,-17.457 154.602,-189.684,-10.898,3.24,15.989,-17.457 35.947,-46.996,-2.982,1.654,30.329,-5.18
 102.906,-114.552,-13.547,-16.14,18.431,-27.42 162.393,-173.924,-22.942,0.689,1.373,-6.584 162.393,-173.924,-22.942,0.689,1.373,-6.584 32.579,-34.738,-7.529,0.961,14.699,-6.025 32.579,-34.738,-7.529,0.961,14.699,-6.025 41.97,-46.745,-10.508,-4.553,19.484,-7.879
 74.814,-22.861,73.751,-5.804,60.09,-5.203 72.271,-26.121,74.929,5.155,48.845,-3.683
 61.14,-21.025,57.846,6.953,-6.367,9.595 237.92,-97.957,240.971,-1.061,-3.864,-12.227
 332.526,-122.245,287.409,-1.072,-2.541,-15.713 101.809,-50.827,94.522,-2.011,30.514,1.359
 13.661,-12.035,3.213,-5.756,10.014,-28.934 25.733,-23.509,6.228,-3.893,13.891,-28.124
 43.818,-38.15,5.336,0.612,21.334,-27.443 132.887,-100.54,-16.254,14.255,8.337,-7.128
 44.199,-31.599,-7.495,-0.256,36.904,-3.424 195.927,-130.909,-37.669,4.293,15.413,-1.378
 68.089,-44.839,-16.388,7.578,8.701,-4.098 28.655,-19.777,-8.712,-21.097,-10.536,-51.518
 31.621,-30.021,-13.525,1.776,22.871,-9.485 33.551,-32.286,-16.814,8.378,-20.767,-13.48 33.551,-32.286,-16.814,8.378,-20.767,-13.48 40.814,-37.874,-21.589,-6.957,13.765,-12.646 40.814,-37.874,-21.589,-6.957,13.765,-12.646 144.65,-126.151,-72.34,4.666,13.8,-0.693 144.65,-126.151,-72.34,4.666,13.8,-0.693 45.617,-37.521,-17.872,14.928,-1.142,-2.207 45.617,-37.521,-17.872,14.928,-1.142,-2.207 157.119,-136.886,-56.506,-10.778,41.722,14.157 157.119,-136.886,-56.506,-10.778,41.722,14.157 31.621,-30.021,-13.525,1.776,22.871,-9.485
 431.392,-287.026,939.439,-9.821,-15.121,-20.962 numeric(0),numeric(0),numeric(0),numeric(0),numeric(0),numeric(0) numeric(0),numeric(0),numeric(0),numeric(0),numeric(0),numeric(0) 273.367,-187.714,412.288,6.72,11.359,-9.551 273.367,-187.714,412.288,6.72,11.359,-9.551 238.991,-156.997,332.555,3.827,11.113,-13.329 238.991,-156.997,332.555,3.827,11.113,-13.329 21.687,-16.05,27.544,10.891,-13.595,-7.231 21.687,-16.05,27.544,10.891,-13.595,-7.231 378.273,-321.784,478.68,89.123,-55.93,61.819 378.273,-321.784,478.68,89.123,-55.93,61.819 134.394,-128.732,179.264,-3.33,17.777,-13.566 134.394,-128.732,179.264,-3.33,17.777,-13.566 193.444,-182.609,291.824,-3.055,18.525,-21.564
 54.96,-27.994,110.177,-6.781,4.151,-1.328 135.908,-56.872,239.62,-2.09,21.92,-8.656 135.908,-56.872,239.62,-2.09,21.92,-8.656 385.054,-197.234,731.959,-13.022,-25.121,-85.878 142.031,-73.265,257.766,-5.353,24.373,-11.302 135.908,-56.872,239.62,-2.09,21.92,-8.656 135.908,-56.872,239.62,-2.09,21.92,-8.656 12.783,-6.301,21.983,20.807,55.714,2.203
 108.885,-74.062,115.099,-20.179,-4.648,-27.647 40.414,-29.107,42.408,2.269,-2.103,7.191 40.414,-29.107,42.408,2.269,-2.103,7.191 44.997,-33.061,44.469,-34.609,72.796,-13.498 44.997,-33.061,44.469,-34.609,72.796,-13.498 55.458,-37.608,52.888,-1.646,17.928,-11.215 55.458,-37.608,52.888,-1.646,17.928,-11.215 108.885,-74.062,115.099,-20.179,-4.648,-27.647 108.885,-74.062,115.099,-20.179,-4.648,-27.647 130.776,-70.981,148.872,-9.303,-4.971,-28.518 130.776,-70.981,148.872,-9.303,-4.971,-28.518 118.575,-54.648,137.76,0.908,21.412,-6.065 118.575,-54.648,137.76,0.908,21.412,-6.065 313.723,-130.702,373.592,2.472,-2.586,-8.388
 99.783,-76.602,55.06,-4.893,23.761,-5.46 324.443,-214.596,164.708,2.382,18.35,-8.834 324.443,-214.596,164.708,2.382,18.35,-8.834 57.996,-35.671,24.337,6.471,4.913,9.608 222.447,-149.321,83.703,-8.128,19.273,-20.19 324.443,-214.596,164.708,2.382,18.35,-8.834 324.443,-214.596,164.708,2.382,18.35,-8.834 34.833,-28.692,16.251,-44.516,67.715,-12.69
 147.716,-72.07,127.255,-1.812,10.589,-4.967 59.87,-31.17,44.133,2.635,-6.691,-4.646
 176.961,-81.279,104.988,11.665,14.843,8.687 9.335,-5.015,5.02,2.863,17.186,-1.002 9.335,-5.015,5.02,2.863,17.186,-1.002 25.626,-17.18,14.812,-2.561,10.83,-1.492 25.626,-17.18,14.812,-2.561,10.83,-1.492 16.104,-10.848,10.649,36.566,7.83,-14.464
 172.77,-116.331,36.258,20.693,22.338,2.22 24.964,-12.968,3.055,10.064,37.392,3.312 24.964,-12.968,3.055,10.064,37.392,3.312 177.619,-96.656,-1.129,15.496,11.856,-10.062
 307.631,-134.917,8.077,14.78,23.987,4.177 25.97,-10.912,-0.01,36.634,12.318,4.993 25.97,-10.912,-0.01,36.634,12.318,4.993 45.636,-20.88,-1.215,-10.429,38.594,2.737 25.97,-10.912,-0.01,36.634,12.318,4.993 50.763,-19.65,-0.112,0.832,24.39,-14.187
 124.678,-69.599,-5.374,18.33,8.846,-8.384 52.202,-25.226,-7.925,1.027,36.144,-4.116
 8.799,-9.937,-6.266,9.705,-16.354,-20.871 103.026,-110.655,-76.767,-0.344,-10.266,-5.542 103.026,-110.655,-76.767,-0.344,-10.266,-5.542 85.718,-67.776,-45.065,4.432,-5.369,8.636 85.718,-67.776,-45.065,4.432,-5.369,8.636 56.838,-45.961,-27.842,1.27,-4.711,-52.223
 105.884,-13.925,174.609,-8.098,18.638,-8.842 3.473,-0.718,5.497,-4.407,66.601,-10.741 3.473,-0.718,5.497,-4.407,66.601,-10.741 2101.507,-562.262,3342.878,-11.407,-55.918,-71.434 2101.507,-562.262,3342.878,-11.407,-55.918,-71.434 218.214,-51.771,379.52,2.801,11.969,-10.432 218.214,-51.771,379.52,2.801,11.969,-10.432 105.884,-13.925,174.609,-8.098,18.638,-8.842 105.884,-13.925,174.609,-8.098,18.638,-8.842 27.659,-1.564,45.478,-22.127,16.517,-10.222 27.659,-1.564,45.478,-22.127,16.517,-10.222 567.209,-13.902,890.587,-17.068,-23.112,-54.887 567.209,-13.902,890.587,-17.068,-23.112,-54.887 238.725,-1.036,350.692,-1.024,17.402,-14.978 238.725,-1.036,350.692,-1.024,17.402,-14.978 12.123,-2.318,16.506,4.234,10.377,-35.639 12.123,-2.318,16.506,4.234,10.377,-35.639 36.097,-8.969,44.409,-45.014,58.109,2.839 36.097,-8.969,44.409,-45.014,58.109,2.839 15.804,-3.32,18.845,0.834,10.637,15.704 15.804,-3.32,18.845,0.834,10.637,15.704 113.186,-21.109,132.522,-3.841,29.312,-2.648 113.186,-21.109,132.522,-3.841,29.312,-2.648 17.773,-1.746,18.792,43.976,15.39,-30.782 17.773,-1.746,18.792,43.976,15.39,-30.782 36.723,-3.147,36.011,-1.512,19.743,-9.611 36.723,-3.147,36.011,-1.512,19.743,-9.611 112.705,-10.784,106.574,5.962,19.543,2.573 112.705,-10.784,106.574,5.962,19.543,2.573 150.676,-39.023,141.757,-4.554,24.344,-9.25 443.455,-126.252,544.329,0.052,-2.297,-13.681 36.097,-8.969,44.409,-45.014,58.109,2.839 36.097,-8.969,44.409,-45.014,58.109,2.839 182.61,-51.437,215.829,-5.22,14.629,-21.388
 51.433,-12.878,28.29,2.792,54.442,38.824 38.311,-9.417,10.723,1.179,11.904,-9.009 51.433,-12.878,28.29,2.792,54.442,38.824 53.599,-18.717,33.071,8.474,1.366,-5.014 53.599,-18.717,33.071,8.474,1.366,-5.014 75.245,-26.736,44.826,11.097,-4.878,-3.15 51.433,-12.878,28.29,2.792,54.442,38.824 29.97,-9.449,14.388,23.18,17.642,0.054 29.97,-9.449,14.388,23.18,17.642,0.054 101.167,-33.59,46.495,8.236,30.426,-6.694 51.433,-12.878,28.29,2.792,54.442,38.824 43.54,-7.552,19.435,12.002,6.342,4.098 43.54,-7.552,19.435,12.002,6.342,4.098 48.502,-7.383,21.234,-6.264,50.133,4.046
 43.54,-7.552,19.435,12.002,6.342,4.098 43.54,-7.552,19.435,12.002,6.342,4.098
 106.169,-32.148,-14.761,-4.045,9.519,18.405 80.723,-33.17,-16.455,8.39,-2.633,-12.902 80.723,-33.17,-16.455,8.39,-2.633,-12.902 55.123,-29.793,-15.471,-7.715,18.849,-13.938 55.123,-29.793,-15.471,-7.715,18.849,-13.938 9.349,-6.127,-3.232,-1.012,17.791,-13.973 9.349,-6.127,-3.232,-1.012,17.791,-13.973 37.793,-26.441,-13.805,-1.171,53.016,4.063 37.793,-26.441,-13.805,-1.171,53.016,4.063 208.112,-149.708,-90.613,0.222,18.859,4.509 208.112,-149.708,-90.613,0.222,18.859,4.509 73.033,-49.886,-30.223,33.357,55.744,-2.575 73.033,-49.886,-30.223,33.357,55.744,-2.575 9.349,-6.127,-3.232,-1.012,17.791,-13.973
 133.334,8.529,-45.829,-36.505,-20.087,-39.058 216.069,11.481,-70.047,-18.714,54.257,-27.785 216.069,11.481,-70.047,-18.714,54.257,-27.785 90.835,1.482,-28.358,-6.167,11.343,-2.38 90.835,1.482,-28.358,-6.167,11.343,-2.38 18.18,0.894,-5.037,8.323,-7.015,-27.244 18.18,0.894,-5.037,8.323,-7.015,-27.244 597.331,11.735,-110.833,-47.347,-17.844,-25.966 597.331,11.735,-110.833,-47.347,-17.844,-25.966 182.165,-7.512,-46.817,-62.427,35.913,-3.591 182.165,-7.512,-46.817,-62.427,35.913,-3.591 46.193,-3.489,-12.019,-2.19,22.594,-14.515 46.193,-3.489,-12.019,-2.19,22.594,-14.515 219.048,-16.794,-60.711,-4.541,16.178,-22.263 219.048,-16.794,-60.711,-4.541,16.178,-22.263 207.471,-16.544,-66.89,6.902,14.349,-1.106 207.471,-16.544,-66.89,6.902,14.349,-1.106 69.222,-4.229,-23.445,2.227,45.709,4.576 69.222,-4.229,-23.445,2.227,45.709,4.576 94.721,-3.575,-32.47,20.077,12.24,-8.693 597.331,11.735,-110.833,-47.347,-17.844,-25.966 176.575,11.156,-24.175,-4.964,51.435,2.25 176.575,11.156,-24.175,-4.964,51.435,2.25 42.303,0.985,-4.229,-1.945,-2.462,18.295 42.303,0.985,-4.229,-1.945,-2.462,18.295 131.66,1.048,-6.964,22.537,11.371,-7.662 360.748,12.915,-15.431,0.323,11.284,-6.414 131.66,1.048,-6.964,22.537,11.371,-7.662 131.66,1.048,-6.964,22.537,11.371,-7.662 71.751,-0.415,-4.459,-1.84,-19.251,-24.593 58.274,2.624,-5.359,23.012,11.427,-10.346 42.303,0.985,-4.229,-1.945,-2.462,18.295 42.303,0.985,-4.229,-1.945,-2.462,18.295 126.267,1.08,-13.303,-14.727,28.129,-22.968 46.193,-3.489,-12.019,-2.19,22.594,-14.515 88.042,-8.61,-20.521,-8.452,15.911,14 88.042,-8.61,-20.521,-8.452,15.911,14 106.298,-8.763,-22.05,-2.322,36.019,2.828 106.298,-8.763,-22.05,-2.322,36.019,2.828 96.512,-5.368,-20.389,8.552,-23.67,-47.328 96.512,-5.368,-20.389,8.552,-23.67,-47.328 95.422,-4.064,-16.796,-7.652,63.56,38.234 88.042,-8.61,-20.521,-8.452,15.911,14 68.744,-12.443,-11.83,-7.488,16.493,-0.964 68.744,-12.443,-11.83,-7.488,16.493,-0.964 119.529,-22.205,-19.653,-4.613,12.513,-4.598 119.529,-22.205,-19.653,-4.613,12.513,-4.598 43.871,-8.549,-7.149,-10.667,82.85,0.519 43.871,-8.549,-7.149,-10.667,82.85,0.519 157.991,-30.103,-21.821,-18.543,-10.347,-8.41 157.991,-30.103,-21.821,-18.543,-10.347,-8.41 60.393,-12.199,-6.529,-3.449,14.546,-57.182 60.393,-12.199,-6.529,-3.449,14.546,-57.182 61.835,-15.084,-8.599,-3.328,39.503,3.874 68.744,-12.443,-11.83,-7.488,16.493,-0.964 numeric(0),numeric(0),numeric(0),numeric(0),numeric(0),numeric(0) numeric(0),numeric(0),numeric(0),numeric(0),numeric(0),numeric(0) 62.284,-10.241,-16.96,-4.032,38.239,8.347 62.284,-10.241,-16.96,-4.032,38.239,8.347 46.68,-7.608,-17.308,-19.057,-26.182,-19.517 46.68,-7.608,-17.308,-19.057,-26.182,-19.517 87.42,-13.047,-33.297,1.44,-23.356,-32.455 87.42,-13.047,-33.297,1.44,-23.356,-32.455 83.508,-9.781,-32.131,15.097,-2.864,-1.911 20.213,-3.645,-4.915,13.549,24.58,-6.766 92.49,-29.343,-23.461,-5.082,-5.034,-17.994 92.49,-29.343,-23.461,-5.082,-5.034,-17.994 112.693,-39.031,-40.67,7.82,-23.268,-22.92 112.693,-39.031,-40.67,7.82,-23.268,-22.92 73.578,-24.066,-27.586,-15.873,-37.131,-84.097 73.578,-24.066,-27.586,-15.873,-37.131,-84.097 71.81,-16.102,-28.504,27.465,14.335,2.951 71.81,-16.102,-28.504,27.465,14.335,2.951 153.698,-34.134,-65.078,-0.422,29.516,-7.363 153.698,-34.134,-65.078,-0.422,29.516,-7.363 59.065,-13.995,-26.7,17.767,15.141,-5.887 33.71,-6.035,-3.071,6.57,32.098,-3.105 60.393,-12.199,-6.529,-3.449,14.546,-57.182
 6.451,-1.799,-3.808,5.483,10.952,-8.228 6.451,-1.799,-3.808,5.483,10.952,-8.228
 125.047,-45.109,-67.861,7.531,13.838,-1.919 125.047,-45.109,-67.861,7.531,13.838,-1.919
 171.964,-225.336,166.095,-1.556,17.732,-10.463 51.282,-76.195,48.453,-13.294,-10.549,3.912 51.282,-76.195,48.453,-13.294,-10.549,3.912 152.563,-227.756,131.295,6.485,8.182,-9.547 152.563,-227.756,131.295,6.485,8.182,-9.547 64.081,-94.305,52.372,17.383,-9.572,-3.013 64.081,-94.305,52.372,17.383,-9.572,-3.013 203.617,-285.309,159.341,-2.693,6.545,-16.252 203.617,-285.309,159.341,-2.693,6.545,-16.252 96.992,-117.106,68.069,-5.293,18.532,-14.42 96.992,-117.106,68.069,-5.293,18.532,-14.42 59.35,-67.751,42.519,32.208,-56.644,-62.597 59.35,-67.751,42.519,32.208,-56.644,-62.597 35.116,-37.615,26.329,-8.689,-19.737,-14.413 35.116,-37.615,26.329,-8.689,-19.737,-14.413 114.471,-120.038,88.409,0.904,-5.681,1.359 114.471,-120.038,88.409,0.904,-5.681,1.359 36.97,-41.911,33.209,-4.883,1.362,5.894 36.97,-41.911,33.209,-4.883,1.362,5.894 171.964,-225.336,166.095,-1.556,17.732,-10.463
 138.682,8.018,37.699,5.749,0.669,-6.018 numeric(0),numeric(0),numeric(0),numeric(0),numeric(0),numeric(0)
 157.354,19.355,51.186,-10.285,89.961,17.129 21.867,4.746,6.816,9.956,1.881,-20.211
 32.792,-0.099,3.947,3.152,23.347,-17.243 13.595,-1.192,1.344,10.365,23.649,-27.733 13.595,-1.192,1.344,10.365,23.649,-27.733 51.141,-7.195,5.774,2.998,-31.662,-9.89 51.141,-7.195,5.774,2.998,-31.662,-9.89 41.496,-7.847,2.422,14.395,152.451,2.794 41.496,-7.847,2.422,14.395,152.451,2.794 120.187,-30.035,8.272,2.402,6.813,-5.664
 243.652,-14.484,14.872,10.481,-37.883,-27.731 31.941,-2.507,0.996,8.912,-20.646,-23.19 31.941,-2.507,0.996,8.912,-20.646,-23.19 48.701,-7.076,1.079,1.637,20.277,-22.422 48.701,-7.076,1.079,1.637,20.277,-22.422 79.41,-18.085,3.026,-7.273,56.111,41.411
 140.69,27.81,160.874,-8.921,16.763,-17.87 77.716,16.815,98.08,6.169,19.878,3.29 77.716,16.815,98.08,6.169,19.878,3.29 22.783,7.304,34.359,-5.769,45.266,5.17 22.783,7.304,34.359,-5.769,45.266,5.17 2309.756,841.618,3969.739,23.49,-26.285,-30.63 2309.756,841.618,3969.739,23.49,-26.285,-30.63 14.426,5.669,27.102,-6.937,44.411,2.467 14.426,5.669,27.102,-6.937,44.411,2.467 49.17,26.807,113.163,-3.489,19.899,-12.124 49.17,26.807,113.163,-3.489,19.899,-12.124 13.85,10.538,41.813,0.866,-2.66,1.467
 423.08,61.343,836.561,4.303,14.691,-5.5 423.08,61.343,836.561,4.303,14.691,-5.5
 79.837,20.168,146.837,-5.755,19.659,-7.597 8.6,0.345,14.41,16.438,42.335,2.34 8.6,0.345,14.41,16.438,42.335,2.34 87.251,14.199,121.212,4.571,13.313,-2.375 3.098,0.674,5.038,10.807,33.748,-1.473 8.6,0.345,14.41,16.438,42.335,2.34 8.6,0.345,14.41,16.438,42.335,2.34 38.521,6.88,59.204,3.652,17.441,-9.198
 142.401,44.559,161.368,6.894,6.317,-10.825 142.401,44.559,161.368,6.894,6.317,-10.825
 127.197,28.091,113.551,41.044,27.278,19.749 28.412,7.183,23.311,-4.782,26.443,9.361 28.412,7.183,23.311,-4.782,26.443,9.361 46.946,14.742,35.255,2.179,53.496,-26.645 46.946,14.742,35.255,2.179,53.496,-26.645 119.672,38.372,76.786,7.646,-3.927,-6.118 119.672,38.372,76.786,7.646,-3.927,-6.118 43.41,14.034,26.435,21.571,26.251,8.857 43.41,14.034,26.435,21.571,26.251,8.857 82.363,29.761,45.131,3.398,13.762,-1.939 82.363,29.761,45.131,3.398,13.762,-1.939 105.454,35.156,50.855,7.452,12.869,-7.987 105.454,35.156,50.855,7.452,12.869,-7.987 115.064,36.18,43.089,-6.634,-5.886,3.021 115.064,36.18,43.089,-6.634,-5.886,3.021 70.782,18.044,31.637,1.694,-16.317,-19.645 70.782,18.044,31.637,1.694,-16.317,-19.645 49.547,10.382,22.823,-7.458,-28.745,-29.128 49.547,10.382,22.823,-7.458,-28.745,-29.128 44.669,7.586,25.438,-32.664,-62.688,-95.501 44.669,7.586,25.438,-32.664,-62.688,-95.501 27.363,4.742,16.595,-2.505,17.525,-14.524 27.363,4.742,16.595,-2.505,17.525,-14.524 145.152,23.562,98.143,6.974,13.587,2.636 145.152,23.562,98.143,6.974,13.587,2.636 251.734,41.396,181.297,4.238,-13.038,-3.956 251.734,41.396,181.297,4.238,-13.038,-3.956 80.259,14.557,67.141,-1.543,-7.557,-4.484 80.259,14.557,67.141,-1.543,-7.557,-4.484 127.197,28.091,113.551,41.044,27.278,19.749
 14.873,7.998,9.585,-3.581,-0.669,-26.704 14.873,7.998,9.585,-3.581,-0.669,-26.704
 48.236,26.069,3.054,23.115,19.502,7.88 100.757,47.752,10.712,5.686,-11.01,1.91 100.757,47.752,10.712,5.686,-11.01,1.91 98.543,40.911,11.485,-23.058,150.834,-19.495 98.543,40.911,11.485,-23.058,150.834,-19.495 38.448,12.814,5.39,1.005,29.486,-9.006 38.448,12.814,5.39,1.005,29.486,-9.006 53.54,15.086,7.709,11.735,-18.643,7.779 53.54,15.086,7.709,11.735,-18.643,7.779 89.243,19.247,12.157,26.29,42.292,-17.515 89.243,19.247,12.157,26.29,42.292,-17.515 79.574,11.324,9.806,14.061,19.801,3.407
 71.444,25.229,4.786,6.855,-15.889,-7.809 160.1,37.705,-3.285,14.28,8.08,-12.585 160.1,37.705,-3.285,14.28,8.08,-12.585 20.962,3.25,-1.332,4.526,42.268,-4.369 20.962,3.25,-1.332,4.526,42.268,-4.369 100.857,28.465,-8.867,25.306,-53.253,-52.176 100.857,28.465,-8.867,25.306,-53.253,-52.176 70.629,24.528,-3.265,-14.722,-42.793,-21.396 70.629,24.528,-3.265,-14.722,-42.793,-21.396 71.444,25.229,4.786,6.855,-15.889,-7.809
 27.584,5.31,-9.12,7.649,34.662,0.249 27.584,5.31,-9.12,7.649,34.662,0.249
 97.372,63.975,113.424,-11.983,-26.854,-40.51 76.368,45.841,81.132,-3.501,26.595,-29.551 76.368,45.841,81.132,-3.501,26.595,-29.551 9.221,4.144,8.914,-0.447,-12.242,-37.31 9.221,4.144,8.914,-0.447,-12.242,-37.31 18.753,7.544,20.502,0.893,52.961,-0.503 18.753,7.544,20.502,0.893,52.961,-0.503 32.425,14.775,40.457,22.496,27.936,-6.911 32.425,14.775,40.457,22.496,27.936,-6.911 105.429,51.228,143.153,-0.396,23.906,-6.971 76.368,45.841,81.132,-3.501,26.595,-29.551 38.768,24.34,35.582,-7.764,45.192,-1.444 38.768,24.34,35.582,-7.764,45.192,-1.444 26.91,17.068,22.302,-4.281,29.77,-0.177 26.91,17.068,22.302,-4.281,29.77,-0.177 24.513,16.74,19.907,3.289,11.53,-4.566 24.513,16.74,19.907,3.289,11.53,-4.566 123.938,100.166,110.291,3.135,25.626,-44.368
 15.732,9.752,8.034,-16.121,11.472,-18.524 14.753,8.063,6.389,-4.328,6.993,-10.092 14.753,8.063,6.389,-4.328,6.993,-10.092 41.77,22.568,16.62,-2.964,19.927,-22.634
 73.711,61.205,38.635,10.054,3.841,-3.875 22.52,14.737,10.445,-7.667,21.563,2.69 22.52,14.737,10.445,-7.667,21.563,2.69 107.258,73.803,47.134,12.844,2.598,1.813 22.52,14.737,10.445,-7.667,21.563,2.69 162.445,104.115,68.327,9.325,108.262,-4.514 162.445,104.115,68.327,9.325,108.262,-4.514 144.918,95.062,47.348,-23.829,84.147,-11.269 144.918,95.062,47.348,-23.829,84.147,-11.269 107.258,73.803,47.134,12.844,2.598,1.813
 132.366,74.395,48.802,-12.067,22.949,-18.596 56.563,25.158,19.44,-12.671,44.353,8.763 56.563,25.158,19.44,-12.671,44.353,8.763 101.738,42.915,30.302,7.724,20.097,2.286 101.738,42.915,30.302,7.724,20.097,2.286 31.27,14.102,7.38,3.913,-11.902,1.409 31.27,14.102,7.38,3.913,-11.902,1.409 100.456,46.673,32.613,-4.234,48.118,-2.227 100.456,46.673,32.613,-4.234,48.118,-2.227 56.563,25.158,19.44,-12.671,44.353,8.763
 84.158,7.151,-13.111,16.938,-4.502,-17.596 34.756,10.724,-6.533,-3.134,38.618,-26.252 34.756,10.724,-6.533,-3.134,38.618,-26.252 32.242,12.38,-4.967,15.809,-7.817,-36.29 32.242,12.38,-4.967,15.809,-7.817,-36.29 62.659,33.127,-12.925,-0.424,14.758,-14.396 62.659,33.127,-12.925,-0.424,14.758,-14.396 3.154,1.54,-1.002,2.026,-32.165,18.878 3.154,1.54,-1.002,2.026,-32.165,18.878 78.663,45.419,-35.009,-19.855,59.899,-16.955
 22.764,11.306,-11.881,-0.146,24.556,-12.335 60.906,28.034,-26.108,-2.961,46.973,6.896 60.906,28.034,-26.108,-2.961,46.973,6.896 61.846,25.492,-26.525,-4.558,18.957,0.323 61.846,25.492,-26.525,-4.558,18.957,0.323 22.764,11.306,-11.881,-0.146,24.556,-12.335
 25.891,53.509,80.663,6.769,-4.539,-2.888 26.386,55.47,73.976,-5.189,38.53,-1.045 26.386,55.47,73.976,-5.189,38.53,-1.045 74.593,151.09,189.849,6.393,30.719,3.608 74.593,151.09,189.849,6.393,30.719,3.608 49.277,93.325,116.034,-5.551,23.833,-15.46 49.277,93.325,116.034,-5.551,23.833,-15.46 59.861,87.855,117.193,-0.142,31.536,-18.168 59.861,87.855,117.193,-0.142,31.536,-18.168 65.512,90.575,124.991,-5.589,22.722,-14.878 65.512,90.575,124.991,-5.589,22.722,-14.878 62.885,77.881,118.709,-5.423,21.534,-13.871 62.885,77.881,118.709,-5.423,21.534,-13.871 30.697,32.01,59.95,1.932,2.27,1.531 30.697,32.01,59.95,1.932,2.27,1.531 126.232,116.378,253.546,-4.55,28.078,-11.83
 40.266,74.613,102.309,17.518,14.912,-9.977 40.266,74.613,102.309,17.518,14.912,-9.977
 122.687,72.486,199.686,-16.042,36.777,1.006 34.175,32.504,62.053,2.349,1.22,0.579 34.175,32.504,62.053,2.349,1.22,0.579 4.635,5.017,8.029,-22.201,68.918,34.74 4.635,5.017,8.029,-22.201,68.918,34.74 16.594,18.029,24.381,4.18,46.404,3.955 16.594,18.029,24.381,4.18,46.404,3.955 14.189,15.239,18.072,1.914,2.514,2.48 14.189,15.239,18.072,1.914,2.514,2.48 50.772,53.119,59.165,-5.875,77.147,-19.576 50.772,53.119,59.165,-5.875,77.147,-19.576 22.33,20.566,23.991,-6.384,42.86,-6.34 22.33,20.566,23.991,-6.384,42.86,-6.34 13.884,11.884,15.441,-1.5,-4.071,-30.845
 263.149,225.196,320.479,8.223,4.237,-9.73 263.149,225.196,320.479,8.223,4.237,-9.73
 33.288,30.498,23.262,1.453,22.709,-23.12 34.069,30.652,25.662,-23.946,28.807,-34.804 34.069,30.652,25.662,-23.946,28.807,-34.804 126.629,109.546,87.933,51.738,54.837,27.814 126.629,109.546,87.933,51.738,54.837,27.814 33.288,30.498,23.262,1.453,22.709,-23.12
 60.92,80.022,23.102,1.892,17.668,3.792 68.081,89.052,22.473,4.574,-5.738,-9.447 68.081,89.052,22.473,4.574,-5.738,-9.447 39.078,49.645,10.837,-12.809,10.066,-11.755 39.078,49.645,10.837,-12.809,10.066,-11.755 55.2,68.663,13.999,14.816,-31.683,-36.836
 95.543,95.306,21.151,14.579,22.21,-6.663 19.693,17.262,4.671,-0.612,46.188,0.068 19.693,17.262,4.671,-0.612,46.188,0.068 46.746,35.276,8.71,2.108,16.26,-2.396 46.746,35.276,8.71,2.108,16.26,-2.396 97.102,63.663,18.072,5.738,-13.71,-8.541 97.102,63.663,18.072,5.738,-13.71,-8.541 39.729,23.413,2.226,4.049,10.843,0.342 39.729,23.413,2.226,4.049,10.843,0.342 80.042,47.712,0.209,-6.225,35.791,9.594 80.042,47.712,0.209,-6.225,35.791,9.594 33.19,21.717,-1.658,-44.076,55.363,-13.49 33.19,21.717,-1.658,-44.076,55.363,-13.49 64.696,50.617,-1.484,0.42,-11.178,-11.952 64.696,50.617,-1.484,0.42,-11.178,-11.952 149.571,124.93,1.117,2.245,17.613,-2.422 149.571,124.93,1.117,2.245,17.613,-2.422 18.44,15.931,1.378,7.941,-15.529,-17.07 18.44,15.931,1.378,7.941,-15.529,-17.07 53.343,54.414,5.448,-13.676,-20.061,-30.304 53.343,54.414,5.448,-13.676,-20.061,-30.304 5.972,7.077,0.545,2.854,21.744,5.226 5.972,7.077,0.545,2.854,21.744,5.226 8.164,11.327,0.098,28.938,13.809,-31.707
 41.668,90.961,105.428,-5.959,22.824,-15.959 65.344,171.773,161.257,12.424,14.99,-13.421 65.344,171.773,161.257,12.424,14.99,-13.421 33.491,106.077,85.32,13.138,-41.742,5.312 33.491,106.077,85.32,13.138,-41.742,5.312 43.846,144.845,112.815,18.215,-17.881,-12.971
 69.723,104.539,115.461,3.976,-15.31,-7.753 76.156,129.1,125.817,-2.395,18.963,-16.453 76.156,129.1,125.817,-2.395,18.963,-16.453 167.128,286.479,239.126,25.813,47.239,45.059 167.128,286.479,239.126,25.813,47.239,45.059 114.964,187.846,136.996,4.336,24.217,1.021 114.964,187.846,136.996,4.336,24.217,1.021 156.087,232.105,176.743,5.586,25.426,-2.755 156.087,232.105,176.743,5.586,25.426,-2.755 173.35,253.119,206.659,7.602,20.559,4.241
 37.165,58.082,44.936,-0.391,-13.75,-7.546 37.165,58.082,44.936,-0.391,-13.75,-7.546
 60.782,94.643,50.205,1.008,22.186,-20.962 61.665,94.489,50.484,1.132,22.481,-18.974 61.665,94.489,50.484,1.132,22.481,-18.974 58.664,88.906,47.309,-1.472,19.006,-19.11 58.664,88.906,47.309,-1.472,19.006,-19.11 60.81,90.902,48.953,-1.318,19.014,-21.932 60.81,90.902,48.953,-1.318,19.014,-21.932 65.614,98.969,53.784,4.56,28.703,-18.908 65.614,98.969,53.784,4.56,28.703,-18.908 61.665,94.489,50.484,1.132,22.481,-18.974 65.614,98.969,53.784,4.56,28.703,-18.908 63.362,95.014,51.967,-0.856,19.461,-20.052 63.362,95.014,51.967,-0.856,19.461,-20.052 68.656,102.56,55.698,4.38,29.447,-19.523 68.656,102.56,55.698,4.38,29.447,-19.523 60.81,90.902,48.953,-1.318,19.014,-21.932
 25.633,46.576,21.568,-14.951,24.577,-11.365 25.633,46.576,21.568,-14.951,24.577,-11.365
 37.416,106.021,47.624,7.674,16.806,-4.985 37.416,106.021,47.624,7.674,16.806,-4.985
 56.895,114.871,22.629,8.814,4.882,-6.676 48.755,109.33,19.948,9.694,-7.954,-4.431 48.755,109.33,19.948,9.694,-7.954,-4.431 55.338,110.918,20.218,2.826,-7.437,-19.028 67.466,137.616,23.98,-4.564,23.718,-13.297 48.755,109.33,19.948,9.694,-7.954,-4.431 48.755,109.33,19.948,9.694,-7.954,-4.431 16.13,32.194,4.879,2.344,3.144,1.297
 128.264,103.867,-22.701,23.996,-15.209,-48.379 16.13,13.483,-4.42,-3.244,20.118,-26.78 16.13,13.483,-4.42,-3.244,20.118,-26.78 135.315,100.082,-36.667,6.99,-6.608,-8.547 135.315,100.082,-36.667,6.99,-6.608,-8.547 20.29,15.864,-7.019,-19.583,-28.311,-10.303
 12.289,31.003,-19.074,16.89,-14.098,-53.144 20.075,51.992,-32.911,12.201,-10.501,-1.28 20.075,51.992,-32.911,12.201,-10.501,-1.28 30.61,68.78,-50.812,-15.292,43.758,7.119 30.61,68.78,-50.812,-15.292,43.758,7.119 19.462,40.754,-30.232,-8.35,19.697,-11.181 19.462,40.754,-30.232,-8.35,19.697,-11.181 28.005,43.729,-38.006,8.063,-15.363,-15.121 28.005,43.729,-38.006,8.063,-15.363,-15.121 21.799,33.76,-30.97,-9.298,19.221,-11.803 21.799,33.76,-30.97,-9.298,19.221,-11.803 24.172,35.446,-32.699,18.033,-14.98,-20.919 24.172,35.446,-32.699,18.033,-14.98,-20.919 31.529,43.834,-45.75,2.79,5.47,-11.4 31.529,43.834,-45.75,2.79,5.47,-11.4 2.839,3.381,-4.127,-16.792,115.355,-44.005 2.839,3.381,-4.127,-16.792,115.355,-44.005 27.296,26.885,-32.497,17.787,0.045,-3.574 27.296,26.885,-32.497,17.787,0.045,-3.574 26.323,22.219,-28.757,-26.209,15.624,0.76 26.323,22.219,-28.757,-26.209,15.624,0.76 31.646,23.853,-26.54,3.602,8.026,-3.685 31.646,23.853,-26.54,3.602,8.026,-3.685 33.072,30.064,-28.37,11.76,40.182,24.569 33.072,30.064,-28.37,11.76,40.182,24.569 8.33,9.257,-6.899,-16.945,18.651,45.837
 0.036,17.601,17.569,6.622,-13.671,-13.779 1.713,8.954,9.44,1.873,34.804,-2.49 1.713,8.954,9.44,1.873,34.804,-2.49 31.348,111.139,75.467,3.415,21.303,0.111 31.348,111.139,75.467,3.415,21.303,0.111 5.282,35.65,19.655,-0.944,24.538,-25.455 5.282,35.65,19.655,-0.944,24.538,-25.455 0.049,40.426,30.699,-10.086,34.617,4.037 0.049,40.426,30.699,-10.086,34.617,4.037 0.036,17.601,17.569,6.622,-13.671,-13.779
 23.766,141.287,128.12,-8.12,34.408,-16.936 1.704,9.457,8.092,-16.986,80.535,12.473 1.704,9.457,8.092,-16.986,80.535,12.473 7.41,35.96,29.189,9.403,25.076,0.465
 12.404,52.182,47.012,-5.054,22.263,-12.758 182.956,707.041,700.931,-2.093,8.826,-12.689 182.956,707.041,700.931,-2.093,8.826,-12.689 45.114,175.957,158.327,-3.397,27.592,-9.912
 2.033,54.73,44.586,-2.552,7.773,6.415 5.42,138.568,105.663,-28.008,54.205,-6.95 5.42,138.568,105.663,-28.008,54.205,-6.95 2.354,49.798,40.632,8.122,-10.691,-18.249
 110.556,924.673,586.264,5.977,14.296,-10.031 13.926,148.95,88.094,17.957,5.077,-7.481 13.926,148.95,88.094,17.957,5.077,-7.481 111.998,775.724,456.321,6.276,20.873,-10.603
 167.487,950.24,649.798,2.724,7.071,-17.699 60.814,315.079,219,9.254,1.812,99.488 60.814,315.079,219,9.254,1.812,99.488 20.979,116.017,78.772,-2.173,39.256,2.086 10.795,58.494,39.178,-8.732,8.236,-60.793 60.814,315.079,219,9.254,1.812,99.488 60.814,315.079,219,9.254,1.812,99.488 13.547,68.74,44.958,7.643,-12.765,-1.302
 27.306,42.992,24.38,1.025,19.772,-26.75 52.165,96.685,57.433,-5.086,16.753,-27.899 52.165,96.685,57.433,-5.086,16.753,-27.899 32.686,70.379,40.139,17.276,9.744,-27.63 32.686,70.379,40.139,17.276,9.744,-27.63 33.188,73.318,38.61,1.7,25.101,3.31 33.188,73.318,38.61,1.7,25.101,3.31 23.822,86.129,41.766,-2.53,34.878,-9.076 23.822,86.129,41.766,-2.53,34.878,-9.076 97.089,421.465,194.966,2.686,19.324,-4.178
 12.392,126.638,49.207,0.688,22.904,-3.668 12.392,126.638,49.207,0.688,22.904,-3.668
 29.578,119.898,34.025,-3.98,28.059,-12.309 14.731,51.689,12.918,19.772,-1.764,-11.209 14.731,51.689,12.918,19.772,-1.764,-11.209 19.478,66.59,14.022,1.879,-0.916,6.055 19.478,66.59,14.022,1.879,-0.916,6.055 9.839,33.698,6.285,-1.846,17.854,-19.072 9.839,33.698,6.285,-1.846,17.854,-19.072 19.762,63.265,10.379,7.042,24.159,-5.54 19.762,63.265,10.379,7.042,24.159,-5.54 2.414,7.637,0.978,-9.619,28.385,3.398 2.414,7.637,0.978,-9.619,28.385,3.398 76.009,245.568,25.228,8.721,21.136,3.469 76.009,245.568,25.228,8.721,21.136,3.469 85.812,290.868,12.926,5.705,22.19,2.906 85.812,290.868,12.926,5.705,22.19,2.906 62.912,228.978,7.106,4.636,14.368,-6.852
 16.848,38.89,17.828,-7.216,42.533,4.305 11.567,24.05,10.02,11.511,11.347,-2.874
 15.235,186.25,55.475,-3.039,24.284,-6.904 75.383,618.689,209.682,0.218,26.451,-5.994 75.383,618.689,209.682,0.218,26.451,-5.994 2.151,13.746,4.356,-11.518,38.368,10.792 2.151,13.746,4.356,-11.518,38.368,10.792 20.808,146.937,42.201,-0.46,20.005,-10.93 20.808,146.937,42.201,-0.46,20.005,-10.93 15.235,186.25,55.475,-3.039,24.284,-6.904
 16.396,38.917,14.69,-5.723,45.117,5.566 18.084,41.339,14.598,-6.354,45.672,5.389 18.084,41.339,14.598,-6.354,45.672,5.389 19.295,42.801,14.841,-6.518,45.866,5.592 19.295,42.801,14.841,-6.518,45.866,5.592 18.823,40.27,12.434,-6.557,46.043,5.582 18.823,40.27,12.434,-6.557,46.043,5.582 60.407,105.349,26.901,12.897,14.714,-3.355 18.823,40.27,12.434,-6.557,46.043,5.582 18.787,43.387,13.217,-9.115,46.101,2.767 18.787,43.387,13.217,-9.115,46.101,2.767 16.466,40.028,12.57,-4.766,47.321,6.521 16.466,40.028,12.57,-4.766,47.321,6.521 7.027,18.288,5.807,14.936,55.823,-2.098 7.027,18.288,5.807,14.936,55.823,-2.098 18.198,49.51,15.044,-6.289,44.638,5.87
 16.402,41.558,11.841,-6.311,45.532,5.074 47.675,110.444,31.59,18.525,29.821,-9.374 47.675,110.444,31.59,18.525,29.821,-9.374 18.662,40.003,11.035,-6.138,45.704,5.52 47.675,110.444,31.59,18.525,29.821,-9.374 18.216,43.354,10.898,-9.203,39.572,4.129 18.216,43.354,10.898,-9.203,39.572,4.129 16.067,43.064,10.199,-5.664,49.772,6.502 16.067,43.064,10.199,-5.664,49.772,6.502 16.96,43.985,8.449,1.516,32.259,-6.599 16.96,43.985,8.449,1.516,32.259,-6.599 16.599,45.054,6.638,-8.117,41,4.893
 10.209,37.462,-11.41,31.891,28.291,15.013 22.796,78.607,-24.116,5.131,34.814,5.109 22.796,78.607,-24.116,5.131,34.814,5.109 21.108,67.144,-20.471,-2.214,46.082,6.364 21.108,67.144,-20.471,-2.214,46.082,6.364 12.282,38.106,-11.73,9.129,33.655,-2.148 12.282,38.106,-11.73,9.129,33.655,-2.148 3.935,12.039,-3.857,-0.389,25.128,3.874 3.935,12.039,-3.857,-0.389,25.128,3.874 29.448,85.684,-30.609,-19.931,14.354,-10.753 29.448,85.684,-30.609,-19.931,14.354,-10.753 36.198,100.053,-38.037,-30.737,-40.542,-37.862 36.198,100.053,-38.037,-30.737,-40.542,-37.862 62.094,183.104,-75.318,-10.448,20.031,-24.171
 54.856,162.771,-9.767,-6.808,18.307,-11.29 19.238,63.815,-6.362,7.398,3.95,7.457 19.238,63.815,-6.362,7.398,3.95,7.457 243.893,709.207,-112.132,-9.698,20.071,4.409 243.893,709.207,-112.132,-9.698,20.071,4.409 61.87,157.46,-26.705,11.558,-49.082,-85.195 61.87,157.46,-26.705,11.558,-49.082,-85.195 2.18,4.433,-0.664,24.063,-70.981,-74.401 2.18,4.433,-0.664,24.063,-70.981,-74.401 17.284,33.873,-4.56,4.113,12.149,13.447 17.284,33.873,-4.56,4.113,12.149,13.447 26.234,58.702,-4.209,8.383,-17.718,-16.232 26.234,58.702,-4.209,8.383,-17.718,-16.232 74.322,194.425,-12.193,4.452,14.041,-5.48 74.322,194.425,-12.193,4.452,14.041,-5.48 10.512,27.967,-1.291,1.398,21.469,-9.975 10.512,27.967,-1.291,1.398,21.469,-9.975 54.856,162.771,-9.767,-6.808,18.307,-11.29
 30.76,52.236,-14.563,11.28,54.398,-46.478 79.523,120.309,-30.921,-2.771,66.295,31.396 79.523,120.309,-30.921,-2.771,66.295,31.396 5.007,7.37,-1.533,3.458,-1.904,32.214 5.007,7.37,-1.533,3.458,-1.904,32.214 1.899,2.541,-0.529,21.93,4.48,-2.507 1.899,2.541,-0.529,21.93,4.48,-2.507 23.685,27.206,-5.597,-1.413,-2.361,8.63 23.685,27.206,-5.597,-1.413,-2.361,8.63 29.293,28.393,-6.387,-29.606,-7.379,-39.282 29.293,28.393,-6.387,-29.606,-7.379,-39.282 87.167,75.855,-28.508,11.69,3.895,-16.516 87.167,75.855,-28.508,11.69,3.895,-16.516 10.171,8.927,-4.547,7.279,35.076,-6.174 10.171,8.927,-4.547,7.279,35.076,-6.174 39.279,36.322,-20.541,-0.165,-14.582,-0.992 39.279,36.322,-20.541,-0.165,-14.582,-0.992 17.349,17.715,-10.845,5.282,-21.716,-2.567 17.349,17.715,-10.845,5.282,-21.716,-2.567 56.38,66.905,-34.92,10.605,49.157,-1.999 56.38,66.905,-34.92,10.605,49.157,-1.999 54.323,73.271,-36.174,-11.795,19.038,-17.128 54.323,73.271,-36.174,-11.795,19.038,-17.128 8.889,13.539,-6.958,5.077,-16.606,-43.303 8.889,13.539,-6.958,5.077,-16.606,-43.303 47.799,77.781,-41.821,34.111,82.966,-44.007 47.799,77.781,-41.821,34.111,82.966,-44.007 45.817,79.297,-40.806,7.737,24.588,-2.5
 -3.194,47.531,26.951,15.297,52.55,-48.754 9.134,1043.695,508.025,10.612,12.18,-6.934 9.134,1043.695,508.025,10.612,12.18,-6.934 3.158,108.433,56.741,-3.097,-21.074,-17.35 3.158,108.433,56.741,-3.097,-21.074,-17.35 4.857,101.274,46.351,-5.588,16.631,2.73 4.857,101.274,46.351,-5.588,16.631,2.73 16.548,153.904,69.045,-9.014,28.752,-5.468 16.548,153.904,69.045,-9.014,28.752,-5.468 24.192,170.164,69.222,-1.516,14.947,-1.416 24.192,170.164,69.222,-1.516,14.947,-1.416 11.689,65.09,26.848,0.88,26.285,-16.849 11.689,65.09,26.848,0.88,26.285,-16.849 12.429,49.025,20.014,-6.373,45.569,5.503
 -1.332,20.527,7.146,7.542,39.386,-6.454 -21.029,1229.417,450.904,-8.041,121.005,27.885 -21.029,1229.417,450.904,-8.041,121.005,27.885 0.199,8.124,3.002,6.426,-11.323,-8.454
 -8.071,90.819,-52.776,-5.572,28.376,-14.195 -5.342,55.194,-36.614,8.13,-8.969,-13.234
 3.189,151.364,19.682,-19.358,20.224,10.501 18.918,224.809,-7.652,-2.738,18.376,2.106 18.918,224.809,-7.652,-2.738,18.376,2.106 62.775,602.667,-12.713,-1.571,26.234,-3.59 62.775,602.667,-12.713,-1.571,26.234,-3.59 25.868,210.73,-1.108,0.282,16.088,0.48 25.868,210.73,-1.108,0.282,16.088,0.48 51.601,256.71,-37.74,1.777,20.742,-3.691 25.868,210.73,-1.108,0.282,16.088,0.48 11.659,76.036,8.56,5.966,17.729,-2.852 18.918,224.809,-7.652,-2.738,18.376,2.106 10.444,195.315,-33.327,-0.361,20.561,-4.64
 62.775,602.667,-12.713,-1.571,26.234,-3.59 16.391,152.033,-12.944,6.174,29.279,-3.961 16.391,152.033,-12.944,6.174,29.279,-3.961 42.855,395.687,-37.551,-0.705,33.301,-1.224 42.855,395.687,-37.551,-0.705,33.301,-1.224 76.014,706.411,-73.546,-5.324,22.365,-4.353
 14.372,68.053,-14.618,-3.616,23.558,-15.436 28.285,136.675,-32.072,11.766,15.27,-4.926 28.285,136.675,-32.072,11.766,15.27,-4.926 51.187,287.183,-68.295,-1.106,18.399,-11.198 51.187,287.183,-68.295,-1.106,18.399,-11.198 18.403,104.324,-23.128,11.219,26.095,-2.071
 30.361,162.259,-19.814,17.219,16.062,-9.905 6.156,26.586,-2.429,8.288,-12.217,-8.944 6.156,26.586,-2.429,8.288,-12.217,-8.944 69.727,266.918,-34.724,4.884,25.552,6.035 69.727,266.918,-34.724,4.884,25.552,6.035 59.992,265.917,-41.977,-1.649,2.947,-3.398
 11.165,53.597,-15.911,-6.846,27.648,-12 14.257,58.776,-24.892,-7.601,-5.99,-21.124
 67.199,562.091,-181.996,-6.551,25.084,-3.363 6.349,45.532,-17.426,-1.627,-20.157,-13.762 6.349,45.532,-17.426,-1.627,-20.157,-13.762 0.557,8.211,-3.4,11.323,-15.05,-10.946 0.557,8.211,-3.4,11.323,-15.05,-10.946 1.233,32.555,-12.427,-35.761,55.723,-135.351
 8.235,65.214,-46.835,-12.224,-10.194,-7.727 8.235,65.214,-46.835,-12.224,-10.194,-7.727
 -17.856,38.659,29.359,-2.413,27.431,-13.443 -17.856,38.659,29.359,-2.413,27.431,-13.443
 -20.275,51.005,63.613,-7.924,30.915,6.956 -20.275,51.005,63.613,-7.924,30.915,6.956
 -4.055,8.195,4.867,25.656,17.426,-0.3 -5.312,12.13,8.239,9.608,16.087,-6.132 -5.312,12.13,8.239,9.608,16.087,-6.132 -5.816,14.196,9.506,-10.301,-10.811,15.728
 -17.374,35.447,17.905,-6.376,23.489,-1.85 -28.15,63.284,35.133,11.484,3.932,-44.304 -28.15,63.284,35.133,11.484,3.932,-44.304 -13.456,34.281,19.415,16.975,22.683,-11.132 -13.456,34.281,19.415,16.975,22.683,-11.132 -31.691,98.796,60.496,6.671,36.475,-12.911 -31.691,98.796,60.496,6.671,36.475,-12.911 -11.225,47.866,33.114,-7.544,34.268,7.642
 -5.888,16.151,6.94,6.318,-12.526,-6.36 -44.077,88.285,33.036,-4.571,92.588,1.611 -44.077,88.285,33.036,-4.571,92.588,1.611 -49.626,114.669,35.419,11.116,19.7,-4.202 -49.626,114.669,35.419,11.116,19.7,-4.202 -5.888,16.151,6.94,6.318,-12.526,-6.36
 -9.825,27.709,8.731,10.74,-10.209,-9.384 -84.119,292.833,114.34,11.547,3.039,-1.654 -84.119,292.833,114.34,11.547,3.039,-1.654 -27.2,118.877,48.68,-6.742,45.427,-5.704 -27.2,118.877,48.68,-6.742,45.427,-5.704 -46.024,237.15,113.322,3.096,16.269,-9.243 -27.2,118.877,48.68,-6.742,45.427,-5.704 -26.594,209.318,77.684,-0.344,42.195,-0.931 -26.594,209.318,77.684,-0.344,42.195,-0.931 -6.562,65.281,27.195,-25.525,62.594,-12.776 -26.594,209.318,77.684,-0.344,42.195,-0.931 -5.266,31.714,9.461,1.871,-9.289,-13.869 -5.266,31.714,9.461,1.871,-9.289,-13.869 -84.119,292.833,114.34,11.547,3.039,-1.654 -5.266,31.714,9.461,1.871,-9.289,-13.869 -3.532,17.638,4.118,3.351,34.311,-9.649 -6.562,65.281,27.195,-25.525,62.594,-12.776 -7.067,108.713,45.141,33.601,21.97,1.985
 -10.349,153.589,44.558,-2.821,23.671,-3.122 -10.048,190.847,55.271,-6.536,25.308,-9.387 -10.048,190.847,55.271,-6.536,25.308,-9.387 -5.912,178.859,47.177,-7.862,27.645,-11.643 -5.912,178.859,47.177,-7.862,27.645,-11.643 -11.16,214.016,54.263,-2.531,28.299,-14.355 -11.16,214.016,54.263,-2.531,28.299,-14.355 -10.349,153.589,44.558,-2.821,23.671,-3.122
 -54.824,80.886,15.801,3.477,33.073,-19.42 -54.824,80.886,15.801,3.477,33.073,-19.42
 -5.893,24.247,5.843,-12.198,14.082,-5.828 -49.353,273.076,48.41,-5.017,32.714,2.369 -49.353,273.076,48.41,-5.017,32.714,2.369 -116.711,807.325,104.973,4.635,14.205,-17.323 -116.711,807.325,104.973,4.635,14.205,-17.323 -3.869,37.174,3.002,2.159,15.104,3.106
 -1.469,3.176,0.32,11.847,2.822,-17.528 -18.21,45.556,7.148,2.409,25.811,-5.771 -18.21,45.556,7.148,2.409,25.811,-5.771 -36.168,89.336,15.137,8.283,52.612,12.208
 -39.573,67.004,3.173,-26.356,64.982,41.806 -39.158,120.761,-1.092,-4.7,16.52,3.109
 -118.625,239.874,-208.838,6.811,24.487,-3.375 -129.733,421.761,-218.98,-3.833,34.302,-8.148 -129.733,421.761,-218.98,-3.833,34.302,-8.148 -247.086,438.201,-294.373,1.752,43.134,-0.528 -247.086,438.201,-294.373,1.752,43.134,-0.528 -118.625,239.874,-208.838,6.811,24.487,-3.375 -118.625,239.874,-208.838,6.811,24.487,-3.375 -16.227,39.551,-40.288,-22.179,99.269,-21.924 -16.227,39.551,-40.288,-22.179,99.269,-21.924 -45.719,130.657,-104.68,3.695,18.241,-5.372 -45.719,130.657,-104.68,3.695,18.241,-5.372 -190.762,496.337,-298.433,-6.062,46.068,-3.279 -190.762,496.337,-298.433,-6.062,46.068,-3.279 -153.119,296.363,-154.559,7.598,6.404,-2.384 -153.119,296.363,-154.559,7.598,6.404,-2.384 -69.851,110.678,-45.692,-2.931,18.317,-8.794 -69.851,110.678,-45.692,-2.931,18.317,-8.794 -247.086,438.201,-294.373,1.752,43.134,-0.528
 -0.494,2.477,-0.758,9.317,-11.805,-11.941 -0.494,2.477,-0.758,9.317,-11.805,-11.941
 -14.21,142.996,-46.569,-0.73,32.327,-10.802 -14.21,142.996,-46.569,-0.73,32.327,-10.802
 -3.08,19.079,-6.751,-6.264,0.646,-7.748 -53.199,307.362,-78.617,-11.653,23.836,-16.888 -53.199,307.362,-78.617,-11.653,23.836,-16.888 -15.642,113.514,-25.177,-28.026,12.683,-18.463 -15.642,113.514,-25.177,-28.026,12.683,-18.463 -12.463,117.724,-24.15,34.676,-26.056,-13.449 -12.463,117.724,-24.15,34.676,-26.056,-13.449 -1.331,49.534,-13.217,3.383,28.007,-4.134 -1.331,49.534,-13.217,3.383,28.007,-4.134 -5.836,268.22,-79.39,7.509,17.961,-10.355 -5.836,268.22,-79.39,7.509,17.961,-10.355 -6.919,206.03,-71.65,-14.518,47.249,45.844 -6.919,206.03,-71.65,-14.518,47.249,45.844 -21.354,267.908,-97.644,6.198,25.613,1.566 -21.354,267.908,-97.644,6.198,25.613,1.566 -3.08,19.079,-6.751,-6.264,0.646,-7.748
 -27.498,105.142,-60.172,-7.64,23.093,-11.899 -37.672,170.485,-111.267,5.528,15.724,-3.829
 35.908,329.703,58.086,5.316,33.625,2.941 36.048,326.79,54.956,5.587,32.782,1.56 36.048,326.79,54.956,5.587,32.782,1.56 3.462,34.245,5.631,-5.52,106.97,-33.781 3.462,34.245,5.631,-5.52,106.97,-33.781 35.908,329.703,58.086,5.316,33.625,2.941
 6.443,72.368,-49.143,1.37,23.29,-27.994 0.867,21.969,-15.839,-2.943,102.788,-9.851
 -5.993,57.132,-75.396,-11.143,20.134,-10.258 -5.993,57.132,-75.396,-11.143,20.134,-10.258
 -59.175,66.477,48.847,-8.655,24.699,-10.844 -109.983,114.228,84.056,-11.114,27.507,-16.739 -109.983,114.228,84.056,-11.114,27.507,-16.739 -52.812,49.247,41.112,17.926,0.626,-6.024 -52.812,49.247,41.112,17.926,0.626,-6.024 -55.426,55.647,49.879,-4.701,32.058,-1.627 -55.426,55.647,49.879,-4.701,32.058,-1.627 -59.175,66.477,48.847,-8.655,24.699,-10.844
 -32.631,37.775,19.631,-4.036,45.81,3.972 -25.042,28.634,12.473,-17.084,24.464,-35.9 -25.042,28.634,12.473,-17.084,24.464,-35.9 -77.258,99.247,41.095,-3.109,64.892,-20.004 -77.258,99.247,41.095,-3.109,64.892,-20.004 -56.461,71.808,34.046,-0.376,35.3,-11.417 -56.461,71.808,34.046,-0.376,35.3,-11.417 -32.631,37.775,19.631,-4.036,45.81,3.972
 -111.462,132.709,63.105,1.06,47.207,1.731 -111.462,132.709,63.105,1.06,47.207,1.731
 -225.86,87.165,-380.859,6.967,34.581,-8.066 -226.221,96.166,-404.919,3.2,32.855,-6.31 -226.221,96.166,-404.919,3.2,32.855,-6.31 -100.395,48.38,-203.83,3.716,29.488,-3.949 -100.395,48.38,-203.83,3.716,29.488,-3.949 -68.251,27.566,-136.62,-12.544,19.624,-19.307 -68.251,27.566,-136.62,-12.544,19.624,-19.307 -210.973,73.12,-395.727,1.611,34.605,-4.798 -210.973,73.12,-395.727,1.611,34.605,-4.798 -14.784,4.415,-25.53,-11.677,-8.049,-4.094 -14.784,4.415,-25.53,-11.677,-8.049,-4.094 -92.91,30.656,-149.267,-10.604,21.616,-26.026 -92.91,30.656,-149.267,-10.604,21.616,-26.026 -225.86,87.165,-380.859,6.967,34.581,-8.066
 -23.369,31.679,-2.688,4.301,15.199,-5.058 -163.758,260.562,-16.041,5.508,39.129,-5.986 -163.758,260.562,-16.041,5.508,39.129,-5.986 -48.046,83.44,-6.192,35.926,-13.104,0.651 -48.046,83.44,-6.192,35.926,-13.104,0.651 -18.682,34.843,-3.757,4.727,-0.307,-5.208 -18.682,34.843,-3.757,4.727,-0.307,-5.208 -35.048,70.266,-9.325,-0.509,-40.317,-31.259 -35.048,70.266,-9.325,-0.509,-40.317,-31.259 -18.836,39.826,-7.413,10.017,15.966,-5.968
 -40.425,329.714,-27.673,3.653,25.133,-7.02 -25.823,204.282,-25.403,4.415,19.962,-7.301 -25.823,204.282,-25.403,4.415,19.962,-7.301 -12.611,194.282,-21.407,5.634,-6.513,-16.677
 -124.3,195.993,-251.832,-10.903,35.167,-14.845 -1026.739,1216.853,-1686.517,17.332,83.869,15.581 -1026.739,1216.853,-1686.517,17.332,83.869,15.581 -9.394,10.74,-20.159,3.179,-8.752,-8.84 -9.394,10.74,-20.159,3.179,-8.752,-8.84 -77.658,63.951,-143.73,-9.983,19.77,-12.663 -9.394,10.74,-20.159,3.179,-8.752,-8.84 -54.837,76.515,-159.873,7.493,27.803,8.415 -1026.739,1216.853,-1686.517,17.332,83.869,15.581 -88.663,82.682,-114.775,-2.714,27.647,-4.168
 -39.69,40.218,11.864,0.395,-16.551,-10.704 -134.934,126.107,34.791,-7.55,29.387,-6.155 -134.934,126.107,34.791,-7.55,29.387,-6.155 -127.848,111.892,45.338,1.166,44.416,-2.181 -127.848,111.892,45.338,1.166,44.416,-2.181 -39.69,40.218,11.864,0.395,-16.551,-10.704
 -26.075,22.995,1.405,-6.316,-19.186,-50.847 -134.758,127.911,16.557,-6.827,32.562,-6.075 -134.758,127.911,16.557,-6.827,32.562,-6.075 -32.329,33.655,4.86,0.587,31.829,5.537 -32.329,33.655,4.86,0.587,31.829,5.537 -26.198,29.411,4.431,8.058,56.217,-3.476 -26.198,29.411,4.431,8.058,56.217,-3.476 -34.28,41.712,5.393,3.788,23.289,-0.395 -34.28,41.712,5.393,3.788,23.289,-0.395 -73.375,88.415,6.708,-9.324,27.734,-7.167 -73.375,88.415,6.708,-9.324,27.734,-7.167 -102.167,118.336,9.285,-0.288,22.224,0.329 -102.167,118.336,9.285,-0.288,22.224,0.329 -63.875,70.672,9.74,-15.135,29.521,-10.163
 -18.773,11.093,18.993,11.893,11.511,-8.519 -41.661,30.53,42.761,17.206,-0.82,-3.549 -41.661,30.53,42.761,17.206,-0.82,-3.549 -19.827,10.605,15.888,6.787,-11.386,-7.942 -41.661,30.53,42.761,17.206,-0.82,-3.549 -37.924,28.005,34.754,3.532,-5.021,-12.133
 -49.89,69.406,80.234,-20.727,53.23,-23.867 -40.267,43.201,56.489,6.02,1.899,22.262 -40.267,43.201,56.489,6.02,1.899,22.262 -8.497,8.449,10.707,3.973,48.439,5.601 -8.497,8.449,10.707,3.973,48.439,5.601 -123.084,116.263,134.446,3.067,35.238,-1.832 -123.084,116.263,134.446,3.067,35.238,-1.832 -24.719,20.955,24.245,-9.403,16.289,-16.988 -24.719,20.955,24.245,-9.403,16.289,-16.988 -39.512,32.846,35.172,19.822,69.042,25.065 -39.512,32.846,35.172,19.822,69.042,25.065 -42.852,34.499,27.049,-18.254,26.818,-0.097 -42.852,34.499,27.049,-18.254,26.818,-0.097 -83.907,63.389,44.568,-19.934,27.579,-7.561 -83.907,63.389,44.568,-19.934,27.579,-7.561 -53.196,35.259,28.114,4.179,15.535,-1.655 -53.196,35.259,28.114,4.179,15.535,-1.655 -29.062,18.026,16.685,6.18,42.077,-2.765 -29.062,18.026,16.685,6.18,42.077,-2.765 -69.409,33.595,33.397,8.732,-13.007,-9.027 -69.409,33.595,33.397,8.732,-13.007,-9.027 -34.003,15.861,13.539,-2.193,-63.819,-39.751 -34.003,15.861,13.539,-2.193,-63.819,-39.751 -469.862,251.588,160.537,0.191,3.243,-1.395 -469.862,251.588,160.537,0.191,3.243,-1.395 -21.019,11.132,5.041,8.37,28.094,1.798 -21.019,11.132,5.041,8.37,28.094,1.798 -33.466,23.184,7.1,-6.987,38.83,-2.567 -21.019,11.132,5.041,8.37,28.094,1.798 -575.817,230.278,101.628,-34.751,34.272,-2.589 -21.019,11.132,5.041,8.37,28.094,1.798 -78.882,41.984,15.752,-23.342,52.389,-20.35
 -63.432,44.475,-1.545,-28.211,-0.978,-23.428 -126.733,95.516,-3.282,0.43,10.437,-3.035 -126.733,95.516,-3.282,0.43,10.437,-3.035 -13.697,10.591,-0.837,-13.597,0.03,-0.78 -13.697,10.591,-0.837,-13.597,0.03,-0.78 -23.814,18.643,-3.217,-22.295,60.084,-15.261 -23.814,18.643,-3.217,-22.295,60.084,-15.261 -43.003,33.723,-8.322,4.423,1.357,9.216 -43.003,33.723,-8.322,4.423,1.357,9.216 -51.62,43.129,-11.324,-15.032,18.215,-12.696 -51.62,43.129,-11.324,-15.032,18.215,-12.696 -79.221,66.608,-21.953,9.073,10.7,6.37
 -38.12,41.407,-29.561,6.239,52.62,11.896 -133.35,153.954,-133.213,0.385,25.306,1.456 -133.35,153.954,-133.213,0.385,25.306,1.456 -11.383,8.679,-12.211,0.394,16.203,-2.41 -11.383,8.679,-12.211,0.394,16.203,-2.41 -305.767,372.102,-448.942,3.098,47.721,9.759 -305.767,372.102,-448.942,3.098,47.721,9.759 -130.675,218.376,-213.565,42.373,23.717,35.659 -130.675,218.376,-213.565,42.373,23.717,35.659 -133.35,153.954,-133.213,0.385,25.306,1.456
 -57.92,21.488,-18.742,-7.885,35.1,2.608 -65.657,28.518,-21.662,-9.369,53.862,-38.795 -65.657,28.518,-21.662,-9.369,53.862,-38.795 -29.939,15.488,-7.383,1.689,36.021,-20.089 -29.939,15.488,-7.383,1.689,36.021,-20.089 -85.856,47.041,-22.718,-88.472,69.26,-16.351 -85.856,47.041,-22.718,-88.472,69.26,-16.351 -66.227,41.593,-20.731,10.289,-14.922,-4.268 -66.227,41.593,-20.731,10.289,-14.922,-4.268 -113.564,79.293,-35.388,-1.242,22.754,-17.745 -66.227,41.593,-20.731,10.289,-14.922,-4.268 -152.168,92.456,-61.341,-9.83,54.119,-47.55 -152.168,92.456,-61.341,-9.83,54.119,-47.55 -65.657,28.518,-21.662,-9.369,53.862,-38.795
 -84.875,63.26,-40.88,-7.498,19.314,2.081 -34.908,27.443,-18.251,-35.017,-22.164,-42.634 -34.908,27.443,-18.251,-35.017,-22.164,-42.634 -135.885,112.521,-85.916,-3.148,18.138,-16.946 -135.885,112.521,-85.916,-3.148,18.138,-16.946 -105.506,98.345,-69.907,11.456,-47.004,19.761 -105.506,98.345,-69.907,11.456,-47.004,19.761 -41.817,38.338,-33.238,11.278,-9.076,-9.219 -41.817,38.338,-33.238,11.278,-9.076,-9.219 -39.764,32.43,-28.248,12.754,35.071,0.565 -39.764,32.43,-28.248,12.754,35.071,0.565 -175.347,134.66,-110.663,5.19,28.352,-5.586 -175.347,134.66,-110.663,5.19,28.352,-5.586 -64.124,46.161,-37.343,-12.089,40.919,0.677 -64.124,46.161,-37.343,-12.089,40.919,0.677 -76.378,51.42,-48.482,-10.198,38.418,5.299 -76.378,51.42,-48.482,-10.198,38.418,5.299 -80.421,49.183,-45.84,-1.923,108.321,2.972 -80.421,49.183,-45.84,-1.923,108.321,2.972 -144.611,88.158,-70.11,4.396,22.007,-4.924 -144.611,88.158,-70.11,4.396,22.007,-4.924 -126.962,87.844,-67.424,-7.251,33.164,-8.104 -126.962,87.844,-67.424,-7.251,33.164,-8.104 -84.875,63.26,-40.88,-7.498,19.314,2.081
 -55.929,10.027,-14.99,-3.681,35.459,57.055 -24.971,3.857,-8.056,1.176,12.134,0.262 -24.971,3.857,-8.056,1.176,12.134,0.262 -87.465,18.728,-37.647,9.877,-5.797,-46.791 -87.465,18.728,-37.647,9.877,-5.797,-46.791 -44.746,12.037,-15.323,-24.359,117.332,13.603 -44.746,12.037,-15.323,-24.359,117.332,13.603 -55.929,10.027,-14.99,-3.681,35.459,57.055 -44.746,12.037,-15.323,-24.359,117.332,13.603 -38.472,12.2,-11.721,-15.253,-14.582,38.475 -24.971,3.857,-8.056,1.176,12.134,0.262 -99.571,6.63,-33.101,6.534,-14.07,-10.468 -55.929,10.027,-14.99,-3.681,35.459,57.055 -91.746,23.195,-18.915,26.817,32.055,-46.126 -91.746,23.195,-18.915,26.817,32.055,-46.126 -118.661,18.47,-23.037,-3.333,15.275,13.49 -118.661,18.47,-23.037,-3.333,15.275,13.49 -26.026,2.43,-6.132,17.049,-13.333,20.658 -118.661,18.47,-23.037,-3.333,15.275,13.49 -90.348,9.224,-15.691,6.528,25.681,2.427 -90.348,9.224,-15.691,6.528,25.681,2.427 -12.552,-0.041,-2.314,5.232,-8.573,-28.777 -87.465,18.728,-37.647,9.877,-5.797,-46.791 -37.333,9.078,-19.825,-6.629,41.843,-10.01 -37.333,9.078,-19.825,-6.629,41.843,-10.01 -46.975,10.687,-25.703,-1.391,18.689,-9.443 -46.975,10.687,-25.703,-1.391,18.689,-9.443 -24.324,2.957,-13.729,-13.908,4.333,14.087 -37.333,9.078,-19.825,-6.629,41.843,-10.01 -88.383,37.903,-57.938,5.138,44.889,-1.726 -88.383,37.903,-57.938,5.138,44.889,-1.726 -48.812,13.831,-38.422,14.151,-27.235,-31.16 -48.812,13.831,-38.422,14.151,-27.235,-31.16 -64.265,9.751,-47.335,-2.405,41.589,2.243 -64.265,9.751,-47.335,-2.405,41.589,2.243 -115.523,9.999,-80.425,3.374,29.076,-0.518 -115.523,9.999,-80.425,3.374,29.076,-0.518 -78.778,2.438,-52.978,1.035,26.1,1.455
 -22.183,7.34,-27.281,-0.474,-11.062,-10.491 -16.728,6.313,-20.016,-5.797,20.066,-14.304 -16.728,6.313,-20.016,-5.797,20.066,-14.304 -254.357,101.546,-293.732,5.603,47.043,5.942 -254.357,101.546,-293.732,5.603,47.043,5.942 -165.111,66.745,-178.506,7.65,15.461,-0.73 -165.111,66.745,-178.506,7.65,15.461,-0.73 -21.015,10.394,-21.2,0.794,24.67,0.763
 -41.239,-6.234,-18.046,12.092,1.585,-8.034 -24.977,-3.273,-7.469,-7.056,25.364,-19.179 -24.977,-3.273,-7.469,-7.056,25.364,-19.179 -44.806,-3.095,-14.197,-0.149,35.707,5.956 -44.806,-3.095,-14.197,-0.149,35.707,5.956 -87.011,-3.847,-36.29,-7.862,31.897,2.469 -87.011,-3.847,-36.29,-7.862,31.897,2.469 -13.594,-0.499,-6.265,-1.192,-6.933,-3.794 -41.239,-6.234,-18.046,12.092,1.585,-8.034 -87.011,-3.847,-36.29,-7.862,31.897,2.469 -24.977,-3.273,-7.469,-7.056,25.364,-19.179 -17.384,-2.449,-5.099,-2.971,36.722,-4.638
 -108.746,-9.783,-44.593,5.902,61.65,-12.048 -87.011,-3.847,-36.29,-7.862,31.897,2.469
 -71.588,7.916,-100.099,-9.239,33.686,-1.732 -62.768,10.784,-89.257,-1.126,18.821,-7.99
 -53.421,18.667,-118.08,-11.69,14.961,-18.96 -52.945,12.579,-104.201,1.043,21.301,3.673 -52.945,12.579,-104.201,1.043,21.301,3.673 -1232.563,258.617,-2209.546,-2.056,78.061,17.56 -1232.563,258.617,-2209.546,-2.056,78.061,17.56 -2255.831,514.688,-3847.015,-3.677,128.816,11.222
 -23.264,-5.804,18.948,-1.117,34.626,4.395 -23.264,-5.804,18.948,-1.117,34.626,4.395
 -6.928,6.976,10.936,7.81,35.648,-0.31 -53.668,51.996,80.573,-3.602,30.595,-16.688 -53.668,51.996,80.573,-3.602,30.595,-16.688 -27.815,13.402,28.706,-2.347,38.868,6.015 -27.815,13.402,28.706,-2.347,38.868,6.015 -48.162,21.865,46.795,32.346,14.901,-5.365 -48.162,21.865,46.795,32.346,14.901,-5.365 -103.236,18.911,68.404,19.11,12.281,8.963 -103.236,18.911,68.404,19.11,12.281,8.963 numeric(0),numeric(0),numeric(0),numeric(0),numeric(0),numeric(0)
 -62.881,-4.398,16.771,-10.718,24.232,-7.542 -93.264,-8.454,30.054,-33.002,48.235,52.695 -93.264,-8.454,30.054,-33.002,48.235,52.695 -105.157,-16.246,35.349,0.741,1.744,12.709 -105.157,-16.246,35.349,0.741,1.744,12.709 -78.728,-18.645,31.454,-2.323,17.414,-14.81 -78.728,-18.645,31.454,-2.323,17.414,-14.81 -7.676,-2.489,4.269,1.996,37.132,36.151
 -86.726,-13.291,36.575,15.568,28.562,5.71 -54.762,-7.076,24.71,25.611,8.566,-11.511 -54.762,-7.076,24.71,25.611,8.566,-11.511 -74.225,-8.781,37.797,-3.939,4.167,-2.335 -74.225,-8.781,37.797,-3.939,4.167,-2.335 -44.032,-5.199,23.842,-14.19,18.271,-15.5 -74.225,-8.781,37.797,-3.939,4.167,-2.335 -77.947,-7.679,37.941,-2.576,4.483,-2.69 -77.947,-7.679,37.941,-2.576,4.483,-2.69 -69.662,-4.976,31.015,23.656,11.367,-13.362
 -34.22,8.797,12.986,12.895,-1.501,2.792 -81.227,23.44,38.974,3.639,34.306,-4.369 -81.227,23.44,38.974,3.639,34.306,-4.369 -136.217,50.442,90.683,9.289,-3.48,1.033 -136.217,50.442,90.683,9.289,-3.48,1.033 -34.819,14.801,28.208,-6.757,33.87,-16.074
 -16.442,3.337,6.281,12.313,-14.918,-17.456 -46.506,9.411,13.096,-8.493,16.131,-15.864 -46.506,9.411,13.096,-8.493,16.131,-15.864 -22.988,3.649,4.326,5.658,-16.892,-10.412 -22.988,3.649,4.326,5.658,-16.892,-10.412 -72.313,12.381,7.749,12.102,30.808,-4.973 -72.313,12.381,7.749,12.102,30.808,-4.973 -10.915,0.443,0.337,-6.285,-38.164,-13.91
 -16.211,-5.11,5.369,2.368,40.257,6.956 -31.308,-8.709,6.293,2.298,45.232,0.389 -31.308,-8.709,6.293,2.298,45.232,0.389 -58.942,-14.588,3.605,-16.092,136.058,-16.268 -58.942,-14.588,3.605,-16.092,136.058,-16.268 -11.489,-2.112,-0.296,13.307,37.176,3.862 -11.489,-2.112,-0.296,13.307,37.176,3.862 -81.055,-7.058,-0.947,-3.868,22.561,-8.944
 -98.247,-25.831,31.853,1.932,20.184,15.641 -306.118,-70.96,96.515,2.123,-1.73,-10.015 -306.118,-70.96,96.515,2.123,-1.73,-10.015 -87.791,-18.119,26.685,-44.236,-15.63,21.194
 -210.159,41.609,91.36,-11.492,31.102,0.188 -210.159,41.609,91.36,-11.492,31.102,0.188
 -66.84,3.507,24.651,1.731,49.163,-1.144 -66.84,3.507,24.651,1.731,49.163,-1.144
 -67.898,5.706,26.638,-12.775,22.284,-11.408 -67.898,5.706,26.638,-12.775,22.284,-11.408
 -10.634,0.508,2.768,-0.057,26.054,-5.792 -146.096,2.757,40.927,20.764,-7.644,-3.226
 -49.457,-1.124,7.599,32.702,53.03,8.6 -117.001,-0.446,13.567,8.022,0.17,-17.63 -117.001,-0.446,13.567,8.022,0.17,-17.63 -100.727,6.223,11.551,-59.943,13.876,-81.702 -100.727,6.223,11.551,-59.943,13.876,-81.702 -35.892,2.308,5.22,-0.278,-10.169,-4.376
 -42.23,-8.664,7.245,-53.661,-70.13,-84.388 -37.665,-6.961,6.916,4.748,-14.492,-17.303 -37.665,-6.961,6.916,4.748,-14.492,-17.303 -78.038,-15.742,10.726,0.859,42.107,0.643 -78.038,-15.742,10.726,0.859,42.107,0.643 -42.23,-8.664,7.245,-53.661,-70.13,-84.388
 -102.833,-9.155,5.975,-50.971,139.804,-28.994 -102.833,-9.155,5.975,-50.971,139.804,-28.994
 -54.226,5.473,-0.784,-1.762,-0.263,11.124 -150.286,19.575,-7.952,-19.439,-11.654,-12.566 -150.286,19.575,-7.952,-19.439,-11.654,-12.566 -56.714,10.854,-3.685,9.238,28.938,-9.831
 -27.933,6.833,3.702,5.623,47.358,-5.823 -100.12,26.565,6.549,-8.209,-4.882,-7.363 -100.12,26.565,6.549,-8.209,-4.882,-7.363 -173.306,44.959,-7.769,12.782,-11.724,-30.041
 -3.181,-7.29,40.782,-11.794,28.297,-0.301 -2.56,-7.34,35.105,19.859,27.651,14.399 -2.56,-7.34,35.105,19.859,27.651,14.399 -3.184,-6.639,29.003,5.821,37.606,-1.824 -3.184,-6.639,29.003,5.821,37.606,-1.824 -18.734,-33.631,164.053,-2.207,25.273,-16.455 -18.734,-33.631,164.053,-2.207,25.273,-16.455 -3.181,-7.29,40.782,-11.794,28.297,-0.301
 12.441,7.434,45.746,-2.712,-13.238,-11.797 22.465,-4.1,56.839,-6.429,17.195,-15.715 22.465,-4.1,56.839,-6.429,17.195,-15.715 46.163,-11.607,113.287,-5.448,14.868,-5.76 46.163,-11.607,113.287,-5.448,14.868,-5.76 14.098,-4.467,33.531,10.86,-15.459,-19.74 14.098,-4.467,33.531,10.86,-15.459,-19.74 11.662,-6.478,28.13,2.605,34.44,0.211 11.662,-6.478,28.13,2.605,34.44,0.211 5.276,-4.483,13.349,0.557,13.55,-8.624 5.276,-4.483,13.349,0.557,13.55,-8.624 4.445,-5.056,12.576,-54.875,71.23,-50.421
 192.507,650.415,1548.354,-16.017,-47.847,28.641 -1.556,18.882,50.191,-1.368,21.674,-15.678 -1.556,18.882,50.191,-1.368,21.674,-15.678 -7.081,27.741,46.579,-9.564,30.574,-9.098 -7.081,27.741,46.579,-9.564,30.574,-9.098 0.047,22.556,31.373,-15.759,24.639,-7.838 0.047,22.556,31.373,-15.759,24.639,-7.838 9.167,57.015,90.801,-2.819,30.722,-4.785 9.167,57.015,90.801,-2.819,30.722,-4.785 31.071,123.284,224.19,10.225,12.77,-9.424 31.071,123.284,224.19,10.225,12.77,-9.424 192.507,650.415,1548.354,-16.017,-47.847,28.641 9.167,57.015,90.801,-2.819,30.722,-4.785 17.038,60.702,85.993,9.79,-11.108,-4.019 17.038,60.702,85.993,9.79,-11.108,-4.019 3.765,15.89,20.601,7.557,16.051,-12.995
 -0.531,-18.798,28.818,15.984,24.548,-14.739 -2.082,-17.065,24.721,22.88,13.047,-9.059 -2.082,-17.065,24.721,22.88,13.047,-9.059 -8.82,-67.986,88.706,-6.311,17.968,-12.134 -8.82,-67.986,88.706,-6.311,17.968,-12.134 -0.436,-29.451,37.014,-1.712,13.417,-25.128 -0.436,-29.451,37.014,-1.712,13.417,-25.128 -9.539,-106.172,110.412,-3.605,16.206,-12.528
 -34.153,-14.931,42.903,2.195,38.571,-8.674 -52.117,-18.518,65.177,3.113,16.227,0.376 -52.117,-18.518,65.177,3.113,16.227,0.376 -71.637,-28.318,79.846,-4.443,-18.906,-3.105 -71.637,-28.318,79.846,-4.443,-18.906,-3.105 -34.153,-14.931,42.903,2.195,38.571,-8.674
 -26.956,9.553,63.388,0.928,56.578,-20.2 -36.082,14.864,80.932,-4.704,25.096,-21.139 -36.082,14.864,80.932,-4.704,25.096,-21.139 -39.242,17.445,94.524,-6.71,7.811,-4.517 -39.242,17.445,94.524,-6.71,7.811,-4.517 -26.956,9.553,63.388,0.928,56.578,-20.2
 -18.53,-9.395,24.165,-3.475,18.771,-9.874 -13.342,-5.117,20.352,6.131,-13.111,-6.12 -13.342,-5.117,20.352,6.131,-13.111,-6.12 -13.776,-3.309,20.973,7.161,-12.068,-8.062 -13.776,-3.309,20.973,7.161,-12.068,-8.062 -13.463,-0.907,20.804,8.348,-11.684,-9.872 -13.463,-0.907,20.804,8.348,-11.684,-9.872 -15.095,0.406,20.553,8.431,-13.26,-9.677 -15.095,0.406,20.553,8.431,-13.26,-9.677 -13.103,3.398,20.361,7.207,-11.647,-7.828 -13.103,3.398,20.361,7.207,-11.647,-7.828 -17.299,4.335,33.191,4.676,23.956,-10.908
 -13.393,-5.224,20.522,8.416,-12.061,-8.444 -13.393,-5.224,20.522,8.416,-12.061,-8.444
 -6.433,-7.312,23.335,3.496,-36.271,-62.503 -29.579,-28.961,92.683,-18.253,35.638,12.977
 -62.315,-9.517,173.399,-6.808,25.857,4.293 -62.315,-9.517,173.399,-6.808,25.857,4.293
 -67.053,-8.861,178.063,-50.154,50.862,-30.262 -67.053,-8.861,178.063,-50.154,50.862,-30.262
 -75.018,-20.072,179.432,-32.974,124.484,-35.596 -11.881,-2.933,26.777,-7.467,-1.318,6.438
 -38.476,-39.135,46.692,-3.917,15.849,-20.809 -38.476,-39.135,46.692,-3.917,15.849,-20.809
 -40.804,2.487,45.051,14.572,39.068,-1.111 -40.804,2.487,45.051,14.572,39.068,-1.111
 -29.971,6.691,30.175,1.691,12.717,-6.847 -29.971,6.691,30.175,1.691,12.717,-6.847
 -57.623,17.842,91.421,5.038,36.2,14.081 -101.151,30.167,148.447,10.283,56.296,-5.019 -101.151,30.167,148.447,10.283,56.296,-5.019 -82.003,30.214,118.832,-43.334,82.939,0.511 -82.003,30.214,118.832,-43.334,82.939,0.511 -6.699,2.753,10.73,-1.842,12.504,5.986 -6.699,2.753,10.73,-1.842,12.504,5.986 -13.566,5.265,22.479,6.878,-11.717,-7.777 -13.566,5.265,22.479,6.878,-11.717,-7.777 -63.167,21.836,103.704,-21.45,-7.407,-30.527 -63.167,21.836,103.704,-21.45,-7.407,-30.527 -57.623,17.842,91.421,5.038,36.2,14.081
 -16.628,21.618,48.637,6.904,48.968,3.525 -12.781,11.618,34.665,-16.688,-9.433,-13.047 -12.781,11.618,34.665,-16.688,-9.433,-13.047 -8.583,6.495,21.181,-4.686,-11.682,0.14 -8.583,6.495,21.181,-4.686,-11.682,0.14 -15.505,9.784,30.56,-3.793,61.213,9.964 -15.505,9.784,30.56,-3.793,61.213,9.964 -77.667,48.482,126.314,17.365,-7.17,-1.392 -77.667,48.482,126.314,17.365,-7.17,-1.392 -6.694,5.005,10.575,7.134,70.223,-9.218 -6.694,5.005,10.575,7.134,70.223,-9.218 -13.05,12.077,22.437,10.1,16.013,-2.872
 -40.971,28.094,131.037,-10.32,60.66,-20.136 -8.91,6.564,30.13,22.212,-4.26,-21.49 -8.91,6.564,30.13,22.212,-4.26,-21.49 -5.887,5.376,18.905,-5.764,3.536,-6.249 -5.887,5.376,18.905,-5.764,3.536,-6.249 -26.765,26.178,90.966,11.191,3.232,7.77 -26.765,26.178,90.966,11.191,3.232,7.77 -21.114,25.115,68.261,18.002,11.985,16.984 -21.114,25.115,68.261,18.002,11.985,16.984 -12.273,15.346,42.42,7.008,7.936,-18.477
 -15.267,-10.314,23.053,6.056,29.293,-6.823 -7.208,-5.295,11.386,-21.542,4.272,-25.528 -7.208,-5.295,11.386,-21.542,4.272,-25.528 -25.632,-16.883,38.989,15.306,-7.353,-14.757
 14.521,-9.987,52.103,-12.432,43.943,-28.871 9.187,-5.344,35.158,12.063,-20.714,-27.374 9.187,-5.344,35.158,12.063,-20.714,-27.374 55.22,-42.887,198.108,-0.881,16.572,-4.65 55.22,-42.887,198.108,-0.881,16.572,-4.65 14.521,-9.987,52.103,-12.432,43.943,-28.871 14.521,-9.987,52.103,-12.432,43.943,-28.871 32.482,-16.944,115.08,3.013,19.763,-15.018 32.482,-16.944,115.08,3.013,19.763,-15.018 15.157,-5.836,55.339,11.039,46.242,1.957 15.157,-5.836,55.339,11.039,46.242,1.957 18.592,-4.301,73.196,7.66,0.341,-21.561 18.592,-4.301,73.196,7.66,0.341,-21.561 3.008,-0.272,13.775,-17.759,-1.674,-40.279 3.008,-0.272,13.775,-17.759,-1.674,-40.279 9.187,-5.344,35.158,12.063,-20.714,-27.374 9.187,-5.344,35.158,12.063,-20.714,-27.374 18.592,-4.301,73.196,7.66,0.341,-21.561 15.157,-5.836,55.339,11.039,46.242,1.957 9.187,-5.344,35.158,12.063,-20.714,-27.374 9.187,-5.344,35.158,12.063,-20.714,-27.374 32.482,-16.944,115.08,3.013,19.763,-15.018
 4.162,-12.164,43.002,-33.134,20.207,-22.39 5.608,-27.7,99.118,-5.014,37.658,11.732 5.608,-27.7,99.118,-5.014,37.658,11.732 0.219,-2.382,7.695,22.246,-20.368,26.572 8.706,-35.989,109.375,20.786,31.131,-1.988 5.608,-27.7,99.118,-5.014,37.658,11.732 5.608,-27.7,99.118,-5.014,37.658,11.732 4.427,-21.583,84.789,-13.03,28.263,-0.391
 11.149,-17.689,95.993,-4.107,16.323,-19.584 11.149,-17.689,95.993,-4.107,16.323,-19.584
 9.941,-27.066,63.904,-3.874,24.609,-20.964 25.625,-43.15,123.428,-7.522,32.241,2.447 25.625,-43.15,123.428,-7.522,32.241,2.447 7.179,-14.064,44.025,14.098,14.759,5.603 7.179,-14.064,44.025,14.098,14.759,5.603 0.784,-1.84,5.396,36.304,-43.528,9.955 0.784,-1.84,5.396,36.304,-43.528,9.955 3.548,-10.83,27.735,11.956,6.698,28.114 3.548,-10.83,27.735,11.956,6.698,28.114 9.941,-27.066,63.904,-3.874,24.609,-20.964
 -29.797,-35.741,141.814,-1.389,18.256,0.099 -8.058,-7.43,38.619,-5.975,2.849,16.973 -8.058,-7.43,38.619,-5.975,2.849,16.973 -21.201,-15.907,103.953,8.86,1.047,12.287 -21.201,-15.907,103.953,8.86,1.047,12.287 -42.251,-26.62,226.142,10.509,46.605,16.951 -42.251,-26.62,226.142,10.509,46.605,16.951 -20.05,-4.374,177.71,9.132,26.426,3.694
 10.965,-3.59,96.103,-20.663,18.38,-29.417 5.773,1.785,92.366,-5.506,35.251,7.959 5.773,1.785,92.366,-5.506,35.251,7.959 1.343,1.048,132.615,-11.448,26.328,-17.093 1.343,1.048,132.615,-11.448,26.328,-17.093 -0.403,-3.306,55.829,4.433,14.406,-8.05 -0.403,-3.306,55.829,4.433,14.406,-8.05 -4.458,-13.318,100.404,8.862,-2.178,3.058 -4.458,-13.318,100.404,8.862,-2.178,3.058 -13.011,-19.301,107.61,9.489,-4.51,-12.347
 8.893,-10.358,104.135,2.963,19.136,-16.4 11.978,-15.861,131.775,10.077,21.001,-2.905 11.978,-15.861,131.775,10.077,21.001,-2.905 14.177,-15.806,127.597,-1.04,-25.301,-29.975 14.177,-15.806,127.597,-1.04,-25.301,-29.975 19.322,-17.191,167.662,-3.52,-0.51,4.035 19.322,-17.191,167.662,-3.52,-0.51,4.035 15.009,-12.065,115.381,20.505,13.681,3.781 15.009,-12.065,115.381,20.505,13.681,3.781 20.178,-19.234,132.589,-6.886,23.982,-11.823 20.178,-19.234,132.589,-6.886,23.982,-11.823 42.359,-36.917,243.616,6.827,28.365,18.914
 10.811,-3.181,113.837,2.847,54.754,3.844 10.811,-3.181,113.837,2.847,54.754,3.844
 -26.952,-35.421,92.108,-24.144,58.349,20.4 -22.211,-33.77,77.976,4.278,-23.622,-17.454 -22.211,-33.77,77.976,4.278,-23.622,-17.454 -34.206,-41.732,107.479,-24.563,-17.355,-62.508 -40.709,-49.658,121.004,-2.188,-12.194,-32.91 -22.211,-33.77,77.976,4.278,-23.622,-17.454 -22.211,-33.77,77.976,4.278,-23.622,-17.454 -57.509,-73.514,166.121,-0.935,26.231,-42.854
 -23.913,-47.146,125.416,-16.462,-16.012,-17.464 -29.094,-61.109,172.301,-1.869,46.378,3.544 -29.094,-61.109,172.301,-1.869,46.378,3.544 -12.977,-28.413,81.838,-7.181,2.51,-10.666 -14.344,-26.509,73.896,0.374,28.967,0.396 -29.094,-61.109,172.301,-1.869,46.378,3.544 -29.094,-61.109,172.301,-1.869,46.378,3.544 -20.839,-49.085,137.256,-5.888,29.534,2.158 -20.839,-49.085,137.256,-5.888,29.534,2.158 -12.977,-28.413,81.838,-7.181,2.51,-10.666
 -0.551,-6.979,21.737,1.013,-23.752,-21.993 -0.551,-6.979,21.737,1.013,-23.752,-21.993
 -1.884,-89.688,276.176,12.06,-3.014,-2.999 -1.884,-89.688,276.176,12.06,-3.014,-2.999
 -15.173,-94.947,72.84,-18.894,21.57,-7.284 -7.832,-41.922,32.478,-6.576,18.483,5.767 -7.832,-41.922,32.478,-6.576,18.483,5.767 -17.534,-88.243,67.327,-10.078,24.178,-14.33
 -37.838,2.161,55.41,-8.978,-3.799,-5.45 -51.556,0.906,78.196,-10.154,-3.73,13.505 -51.556,0.906,78.196,-10.154,-3.73,13.505 -15.748,2.138,29.612,40.369,12.885,9.066
 2.687,-29.589,87.968,-4.404,19.727,-10.118 -0.864,-8.564,22.142,4.101,38.743,-0.306 -0.864,-8.564,22.142,4.101,38.743,-0.306 -9.178,-40.388,91.793,-6.268,17.14,-11.736 -9.178,-40.388,91.793,-6.268,17.14,-11.736 -5.432,-12.199,24.609,3.379,12.939,-8.427 -5.432,-12.199,24.609,3.379,12.939,-8.427 -5.532,-9.766,18.362,-13.133,43.047,14.627 -5.532,-9.766,18.362,-13.133,43.047,14.627 -9.925,-12.359,26.346,3.974,6.853,-8.126 -9.925,-12.359,26.346,3.974,6.853,-8.126 -34.416,-20.759,83.796,-2.2,27.753,-8.446
 -48.765,-7.176,133.883,4.341,40.678,-7.96 -40.508,5.081,108.219,-9.233,23.947,2.901 -40.508,5.081,108.219,-9.233,23.947,2.901 -48.586,16.951,134.589,-7.544,2.141,-4.266 -48.586,16.951,134.589,-7.544,2.141,-4.266 -36.855,25.105,139.331,0.872,22.492,-23.905 -36.855,25.105,139.331,0.872,22.492,-23.905 -3.419,12.746,57.058,-18.786,-8.135,-29.489 -3.419,12.746,57.058,-18.786,-8.135,-29.489 0.632,3.832,20.42,4.759,-18.786,-7.906
 10.766,-101.454,84.124,-15.178,14.969,-17.73 5.481,-63.09,46.119,-8.644,28.019,-2.047 5.481,-63.09,46.119,-8.644,28.019,-2.047 1.764,-50.287,37.1,-27.25,-27.204,-49.09 1.764,-50.287,37.1,-27.25,-27.204,-49.09 7.087,-136.336,83.35,-12.097,9.316,15.691 7.087,-136.336,83.35,-12.097,9.316,15.691 -1.19,-182.058,105.917,-1.233,23.06,-9.022 -1.19,-182.058,105.917,-1.233,23.06,-9.022 -0.357,-36.575,20.482,16.278,-0.255,-4.265 -0.357,-36.575,20.482,16.278,-0.255,-4.265 -0.434,-7.344,3.866,-11.399,1.715,-33.924 -0.434,-7.344,3.866,-11.399,1.715,-33.924 -13.785,-107.379,53.061,14.216,26.433,-3.436 -13.785,-107.379,53.061,14.216,26.433,-3.436 -4.165,-20.952,9.889,3.351,28.851,-32.678
 -8.778,-25.099,21.472,0.502,-15.978,-5.738 -26.079,-66.292,65.133,5.886,26.25,12.772 -26.079,-66.292,65.133,5.886,26.25,12.772 -28.794,-61.566,71.156,4.043,23.138,2.295 -28.794,-61.566,71.156,4.043,23.138,2.295 -24.327,-46.126,52.029,1.515,21.856,-1.799 -24.327,-46.126,52.029,1.515,21.856,-1.799 -6.187,-9.966,10.73,66.776,44.864,-2.786 -6.187,-9.966,10.73,66.776,44.864,-2.786 -18.768,-23.278,22.842,-10.442,29.657,7.476 -18.768,-23.278,22.842,-10.442,29.657,7.476 -20.3,-23.25,20.286,10.667,-10.247,-22.918
 -48.908,-85.956,56.755,-10.229,23.355,-13.119 -33.656,-56.902,33.507,-14.356,29.365,-33.123 -33.656,-56.902,33.507,-14.356,29.365,-33.123 -24.824,-38.814,22.54,-10.082,19.845,-23.087 -24.824,-38.814,22.54,-10.082,19.845,-23.087 -22.633,-33.161,19.839,-11.482,25.55,4.776 -22.633,-33.161,19.839,-11.482,25.55,4.776 -12.176,-16.559,10.344,6.922,-12.751,-7.815 -12.176,-16.559,10.344,6.922,-12.751,-7.815 -18.458,-23.589,16.675,-8.755,36.646,3.088 -18.458,-23.589,16.675,-8.755,36.646,3.088 -62.228,-83.279,63.356,1.1,21.339,-18.91
 -5.602,-25.47,-7.343,4.929,-2.199,12.723 -2.863,-29.179,-8.075,-1.543,46.841,3.954 -2.863,-29.179,-8.075,-1.543,46.841,3.954 -0.183,-43.028,-7.412,-1.632,-8.715,-25.946 -0.183,-43.028,-7.412,-1.632,-8.715,-25.946 1.719,-18.439,-0.938,-47.573,-8.229,-61.864 1.719,-18.439,-0.938,-47.573,-8.229,-61.864 28.865,-145.67,5.342,3.766,13.607,-10.923 28.865,-145.67,5.342,3.766,13.607,-10.923 9.98,-39.863,3.02,-1.804,44.585,2.922 9.98,-39.863,3.02,-1.804,44.585,2.922 7.149,-24.366,6.267,-6.814,20.326,-17.536 7.149,-24.366,6.267,-6.814,20.326,-17.536 3.56,-17.631,6.742,5.43,-31.15,-20.793 3.56,-17.631,6.742,5.43,-31.15,-20.793 3.496,-33.687,13.526,29.673,41.573,-60.513 3.496,-33.687,13.526,29.673,41.573,-60.513 12.738,-333.163,126.746,-3.889,9.966,-15.624 12.738,-333.163,126.746,-3.889,9.966,-15.624 0.809,-123.108,48.732,5.441,50.626,5.922
 -16.146,-39.087,16.65,-10.89,29.404,-12.506 -23.243,-50.955,19.452,1.607,35.544,1.371 -23.243,-50.955,19.452,1.607,35.544,1.371 -54.167,-101.954,35.4,-13.21,16.7,-6.633 -54.167,-101.954,35.4,-13.21,16.7,-6.633 -5.563,-9.299,3.038,1.506,-29.823,-64.08 -5.563,-9.299,3.038,1.506,-29.823,-64.08 -24.611,-37.249,12.316,11.075,-9.506,-10.38 -24.611,-37.249,12.316,11.075,-9.506,-10.38 -40.7,-55.408,12.79,2.826,44.517,-5.917 -40.7,-55.408,12.79,2.826,44.517,-5.917 -12.623,-18.762,2.547,10.795,-9.834,5.185 -12.623,-18.762,2.547,10.795,-9.834,5.185 -11.751,-18.591,1.722,16.796,1.664,5.693 -11.751,-18.591,1.722,16.796,1.664,5.693 -21.749,-43.787,-3.156,0.409,24.495,-32.186 -21.749,-43.787,-3.156,0.409,24.495,-32.186 -14.02,-29.5,-2.681,14.846,0.867,6.941 -14.02,-29.5,-2.681,14.846,0.867,6.941 -46.923,-124.111,-24.753,10.451,8.709,18.313
 -1.587,-14.453,3.239,6.011,-16.472,-12.604 -1.587,-14.453,3.239,6.011,-16.472,-12.604
 -20.996,-104.71,27.401,3.683,36.205,8.394 -20.996,-104.71,27.401,3.683,36.205,8.394
 0.829,-25.851,4.358,-8.41,22.495,6.128 2.5,-78.391,12.049,3.346,5.03,10.479
 -1.802,-24.949,1.998,-3.855,13.78,17.875 -1.569,-29.672,1.405,-2.748,11.96,-11.07
 0.229,-199.021,15.204,1.67,12.031,-13.208 0.121,-5.077,0.222,2.861,5.951,-23.477 0.121,-5.077,0.222,2.861,5.951,-23.477 0.686,-89.66,2.043,6.607,-6.08,-5.648 0.121,-5.077,0.222,2.861,5.951,-23.477 2.048,-727.315,37.246,3.221,2.455,-30.449
 6.234,-38.853,6.319,-3.379,17.545,-27.542 5.359,-33.227,3.937,-7.697,17.145,-25.573 5.359,-33.227,3.937,-7.697,17.145,-25.573 6.753,-73.958,4.382,-2.075,-4.399,4.47 6.753,-73.958,4.382,-2.075,-4.399,4.47 3.837,-45.789,5.853,-10.526,7.531,-0.534 3.837,-45.789,5.853,-10.526,7.531,-0.534 6.234,-38.853,6.319,-3.379,17.545,-27.542
 -16.747,-84.849,-22.502,-7.155,5.011,-1.655 -8.908,-40.014,-7.615,11.643,2.716,-20.825 -8.908,-40.014,-7.615,11.643,2.716,-20.825 -19.089,-196.852,-28.214,-7.957,23.412,-17.147 -19.089,-196.852,-28.214,-7.957,23.412,-17.147 -5.374,-46.263,-4.685,-6.16,27.129,-18.66 -5.374,-46.263,-4.685,-6.16,27.129,-18.66 -4.346,-29.64,-2.667,-12.891,2.034,-6.106 -4.346,-29.64,-2.667,-12.891,2.034,-6.106 -10.378,-60.125,-13.914,12.032,-8.538,-0.994 -10.378,-60.125,-13.914,12.032,-8.538,-0.994 -16.747,-84.849,-22.502,-7.155,5.011,-1.655
 -20.105,-49.089,1.838,-2.243,15.351,-18.842 -11.659,-25.604,0.505,-0.299,50.256,5.933 -11.659,-25.604,0.505,-0.299,50.256,5.933 -63.829,-126.989,12.487,22.255,-9.628,-2.557 -63.829,-126.989,12.487,22.255,-9.628,-2.557 -43.436,-97.766,13.037,18.016,37.538,3.239
 -7.432,-26.651,4.568,-22.736,63.483,-10.394 -21.197,-71.569,13.384,-15.184,17.496,-14.983 -21.197,-71.569,13.384,-15.184,17.496,-14.983 -41.297,-123.121,19.6,6.1,21.663,5.413 -41.297,-123.121,19.6,6.1,21.663,5.413 -17.437,-55.575,7.407,14.725,-0.794,-3.005 -17.437,-55.575,7.407,14.725,-0.794,-3.005 -39.99,-122.664,11.848,-7.08,16.731,-25.641
 -27.651,-151.466,29.551,-3.683,-51.943,-64.101 -67.702,-321.711,61.437,2.626,-34.176,-34.528 -67.702,-321.711,61.437,2.626,-34.176,-34.528 -9.722,-40.018,9.312,9.812,-1.989,-2.472 -9.722,-40.018,9.312,9.812,-1.989,-2.472 -29.703,-117.236,30.36,1.997,-52.831,-25.449
 -11.822,-61.697,-0.488,-9.016,2.382,-17.023 -9.468,-29.954,-5.983,14.541,-1.129,-12.016
 11.276,-112.883,36.481,38.078,24.922,2.403 3.811,-98.302,35.894,4.094,10.444,-14.757
 11.8,-44.329,12.35,-22.275,37.562,-28.529 5.593,-26.875,9.015,1.483,49.173,1.445
 -29.84,-68.152,18.595,13.335,-5.247,-22.577 -39.258,-97.909,21.438,-88.573,23.679,-38.987
 -17.384,-2.449,-5.099,-2.971,36.722,-4.638 -17.384,-2.449,-5.099,-2.971,36.722,-4.638
 -13.594,-0.499,-6.265,-1.192,-6.933,-3.794 -13.594,-0.499,-6.265,-1.192,-6.933,-3.794
 -81.055,-7.058,-0.947,-3.868,22.561,-8.944 -81.055,-7.058,-0.947,-3.868,22.561,-8.944
 -10.915,0.443,0.337,-6.285,-38.164,-13.91 -10.915,0.443,0.337,-6.285,-38.164,-13.91
 129.547,-57.993,-17.917,-13.704,1.521,7.775 206.762,-96.197,-31.324,-0.822,18.198,0.637 206.762,-96.197,-31.324,-0.822,18.198,0.637 94.44,-45.616,-16.687,1.057,-32.386,-7.575 94.44,-45.616,-16.687,1.057,-32.386,-7.575 137.274,-70.985,-31.624,13.775,17.39,5.794
 61.265,-30.443,-26.364,-9.478,15.263,27.091 48.732,-22.313,-21.219,32.669,-18.26,-39.701 48.732,-22.313,-21.219,32.669,-18.26,-39.701 107.589,-46.681,-51.439,-6.581,11.292,3.446 107.589,-46.681,-51.439,-6.581,11.292,3.446 67.043,-30.02,-33.884,4.564,39.352,4.254 67.043,-30.02,-33.884,4.564,39.352,4.254 133.313,-64.572,-71.921,30.603,18.053,-20.214 133.313,-64.572,-71.921,30.603,18.053,-20.214 61.044,-30.522,-32.088,-7.22,32.27,13.262 61.044,-30.522,-32.088,-7.22,32.27,13.262 137.774,-72.116,-68.13,-7.363,33.892,11.745 137.774,-72.116,-68.13,-7.363,33.892,11.745 61.265,-30.443,-26.364,-9.478,15.263,27.091
