 16.396,38.917,14.69,-5.723,45.117,5.566 18.084,41.339,14.598,-6.354,45.672,5.389 18.084,41.339,14.598,-6.354,45.672,5.389 19.295,42.801,14.841,-6.518,45.866,5.592 19.295,42.801,14.841,-6.518,45.866,5.592 18.823,40.27,12.434,-6.557,46.043,5.582 7.027,18.288,5.807,14.936,55.823,-2.098 17.674,41.929,13.015,-6.36,45.42,7.762 17.674,41.929,13.015,-6.36,45.42,7.762 18.787,43.387,13.217,-9.115,46.101,2.767 18.787,43.387,13.217,-9.115,46.101,2.767 18.823,40.27,12.434,-6.557,46.043,5.582 18.823,40.27,12.434,-6.557,46.043,5.582 60.407,105.349,26.901,12.897,14.714,-3.355 7.027,18.288,5.807,14.936,55.823,-2.098 18.198,49.51,15.044,-6.289,44.638,5.87
 138.682,8.018,37.699,5.749,0.669,-6.018 25.975,0.951,14.461,-0.016,19.143,-25.912
 3.189,151.364,19.682,-19.358,20.224,10.501 18.918,224.809,-7.652,-2.738,18.376,2.106 18.918,224.809,-7.652,-2.738,18.376,2.106 62.775,602.667,-12.713,-1.571,26.234,-3.59 62.775,602.667,-12.713,-1.571,26.234,-3.59 25.868,210.73,-1.108,0.282,16.088,0.48 25.868,210.73,-1.108,0.282,16.088,0.48 51.601,256.71,-37.74,1.777,20.742,-3.691 25.868,210.73,-1.108,0.282,16.088,0.48 11.659,76.036,8.56,5.966,17.729,-2.852 18.918,224.809,-7.652,-2.738,18.376,2.106 10.444,195.315,-33.327,-0.361,20.561,-4.64
 -16.409,-15.152,-6.422,26.618,40.427,5.599 -73.216,-81.473,-39.418,-2.996,26.05,-12.839 -73.216,-81.473,-39.418,-2.996,26.05,-12.839 -28.132,-38.552,-12.6,28.013,12.734,8.968 -28.132,-38.552,-12.6,28.013,12.734,8.968 -36.549,-42.42,-9.253,3.488,43.778,0.196
 numeric(0),numeric(0),numeric(0),numeric(0),numeric(0),numeric(0) 2.562,-20.887,-10.002,-10.878,46.816,0.083 2.562,-20.887,-10.002,-10.878,46.816,0.083 12.938,-64.084,-33.298,21.332,-15.765,-9.845 12.938,-64.084,-33.298,21.332,-15.765,-9.845 14.951,-60.794,-30.937,0.26,18.171,-10.752 14.951,-60.794,-30.937,0.26,18.171,-10.752 9.508,-31.623,-17.315,-2.94,-21.399,-60.297 9.508,-31.623,-17.315,-2.94,-21.399,-60.297 6.326,-22.578,-13.472,3.469,-19.081,-10.553
 -55.881,-102.321,-41.986,-0.654,7.074,-13.417 -69.333,-120.492,-57.928,2.911,17.47,-21.625 -69.333,-120.492,-57.928,2.911,17.47,-21.625 -46.814,-80.155,-45.503,-1.037,10.272,-10.213 -46.814,-80.155,-45.503,-1.037,10.272,-10.213 -64.636,-108.519,-70.633,-6.132,10.082,-16.64
 -77.258,99.247,41.095,-3.109,64.892,-20.004 -56.461,71.808,34.046,-0.376,35.3,-11.417 -56.461,71.808,34.046,-0.376,35.3,-11.417 -32.631,37.775,19.631,-4.036,45.81,3.972 -32.631,37.775,19.631,-4.036,45.81,3.972 -25.042,28.634,12.473,-17.084,24.464,-35.9
 0.649,-25.602,-15.04,-7.694,-6.225,-33.179 10.113,-110.094,-63.389,17.641,27.3,-4.392 10.113,-110.094,-63.389,17.641,27.3,-4.392 3.817,-36.058,-24.813,-11.043,25.952,-12.852 3.817,-36.058,-24.813,-11.043,25.952,-12.852 2.754,-35.739,-26.778,-28.901,18.181,-28.909
 -69.991,-27.286,-14.822,-4.44,14.826,-11.493 -20.799,-9.119,-0.236,-0.018,32.778,5.365
 -9.825,27.709,8.731,10.74,-10.209,-9.384 -84.119,292.833,114.34,11.547,3.039,-1.654 -84.119,292.833,114.34,11.547,3.039,-1.654 -27.2,118.877,48.68,-6.742,45.427,-5.704 -27.2,118.877,48.68,-6.742,45.427,-5.704 -46.024,237.15,113.322,3.096,16.269,-9.243 -27.2,118.877,48.68,-6.742,45.427,-5.704 -26.594,209.318,77.684,-0.344,42.195,-0.931 -26.594,209.318,77.684,-0.344,42.195,-0.931 -6.562,65.281,27.195,-25.525,62.594,-12.776 -26.594,209.318,77.684,-0.344,42.195,-0.931 -5.266,31.714,9.461,1.871,-9.289,-13.869 -5.266,31.714,9.461,1.871,-9.289,-13.869 -84.119,292.833,114.34,11.547,3.039,-1.654 -5.266,31.714,9.461,1.871,-9.289,-13.869 -3.532,17.638,4.118,3.351,34.311,-9.649 -6.562,65.281,27.195,-25.525,62.594,-12.776 -7.067,108.713,45.141,33.601,21.97,1.985
 -71.034,-46.526,-15.391,-3.695,-5.684,56.66 -18.334,-12.368,-2.325,-9.725,-3.275,-45.541 -18.334,-12.368,-2.325,-9.725,-3.275,-45.541 -29.67,-22.399,-1.446,-6.977,25.388,-0.211 -71.034,-46.526,-15.391,-3.695,-5.684,56.66 -43.372,-30.119,-12.552,5.116,8.515,9.453
 70.782,18.044,31.637,1.694,-16.317,-19.645 49.547,10.382,22.823,-7.458,-28.745,-29.128 49.547,10.382,22.823,-7.458,-28.745,-29.128 76.43,16.903,41.115,3.12,38.83,0.658 76.43,16.903,41.115,3.12,38.83,0.658 44.669,7.586,25.438,-32.664,-62.688,-95.501 44.669,7.586,25.438,-32.664,-62.688,-95.501 27.363,4.742,16.595,-2.505,17.525,-14.524 27.363,4.742,16.595,-2.505,17.525,-14.524 145.152,23.562,98.143,6.974,13.587,2.636 145.152,23.562,98.143,6.974,13.587,2.636 127.197,28.091,113.551,41.044,27.278,19.749 127.197,28.091,113.551,41.044,27.278,19.749 28.412,7.183,23.311,-4.782,26.443,9.361 28.412,7.183,23.311,-4.782,26.443,9.361 46.946,14.742,35.255,2.179,53.496,-26.645 46.946,14.742,35.255,2.179,53.496,-26.645 135.133,40.148,88.711,28.039,14.385,-1.045 135.133,40.148,88.711,28.039,14.385,-1.045 43.41,14.034,26.435,21.571,26.251,8.857 43.41,14.034,26.435,21.571,26.251,8.857 106.219,39.251,62.095,-16.704,12.418,-58.239 106.219,39.251,62.095,-16.704,12.418,-58.239 82.363,29.761,45.131,3.398,13.762,-1.939 82.363,29.761,45.131,3.398,13.762,-1.939 105.454,35.156,50.855,7.452,12.869,-7.987 105.454,35.156,50.855,7.452,12.869,-7.987 110.244,35.53,44.543,8.485,27.257,-0.114 110.244,35.53,44.543,8.485,27.257,-0.114 75.264,22.181,30.866,-5.674,16.788,-6.425 75.264,22.181,30.866,-5.674,16.788,-6.425 70.782,18.044,31.637,1.694,-16.317,-19.645
 -73.375,88.415,6.708,-9.324,27.734,-7.167 -102.167,118.336,9.285,-0.288,22.224,0.329 -102.167,118.336,9.285,-0.288,22.224,0.329 -63.875,70.672,9.74,-15.135,29.521,-10.163 -63.875,70.672,9.74,-15.135,29.521,-10.163 -26.198,29.411,4.431,8.058,56.217,-3.476 -34.28,41.712,5.393,3.788,23.289,-0.395 -26.198,29.411,4.431,8.058,56.217,-3.476 -63.875,70.672,9.74,-15.135,29.521,-10.163 -32.329,33.655,4.86,0.587,31.829,5.537 -32.329,33.655,4.86,0.587,31.829,5.537 -134.758,127.911,16.557,-6.827,32.562,-6.075 -134.758,127.911,16.557,-6.827,32.562,-6.075 -26.075,22.995,1.405,-6.316,-19.186,-50.847
 15.732,9.752,8.034,-16.121,11.472,-18.524 14.753,8.063,6.389,-4.328,6.993,-10.092 14.753,8.063,6.389,-4.328,6.993,-10.092 41.77,22.568,16.62,-2.964,19.927,-22.634
 60.81,90.902,48.953,-1.318,19.014,-21.932 63.362,95.014,51.967,-0.856,19.461,-20.052 63.362,95.014,51.967,-0.856,19.461,-20.052 68.762,103.798,56.885,1.779,26.574,-22.263 68.762,103.798,56.885,1.779,26.574,-22.263 65.614,98.969,53.784,4.56,28.703,-18.908 60.81,90.902,48.953,-1.318,19.014,-21.932 58.664,88.906,47.309,-1.472,19.006,-19.11 58.664,88.906,47.309,-1.472,19.006,-19.11 61.665,94.489,50.484,1.132,22.481,-18.974 61.665,94.489,50.484,1.132,22.481,-18.974 60.782,94.643,50.205,1.008,22.186,-20.962
 55.92,-79.117,-25.564,9.157,26.892,11.277 18.489,-26.888,-7.261,8.427,4.865,0.221 18.489,-26.888,-7.261,8.427,4.865,0.221 15.049,-23.079,-6.167,33.025,-3.326,-31.497 55.92,-79.117,-25.564,9.157,26.892,11.277 113.225,-151.186,-62.145,-0.063,26.124,-10.349 113.225,-151.186,-62.145,-0.063,26.124,-10.349 41.135,-53.658,-22.732,-4.454,21.96,-22.242 41.135,-53.658,-22.732,-4.454,21.96,-22.242 17.328,-22.817,-9.206,8.397,-15.04,-7.066 113.225,-151.186,-62.145,-0.063,26.124,-10.349 17.328,-22.817,-9.206,8.397,-15.04,-7.066
 41.97,-46.745,-10.508,-4.553,19.484,-7.879 32.579,-34.738,-7.529,0.961,14.699,-6.025 32.579,-34.738,-7.529,0.961,14.699,-6.025 41.099,-44.294,-5.953,3.308,36.961,2.809 41.099,-44.294,-5.953,3.308,36.961,2.809 102.906,-114.552,-13.547,-16.14,18.431,-27.42
 38.311,-9.417,10.723,1.179,11.904,-9.009 51.433,-12.878,28.29,2.792,54.442,38.824
 -10.915,0.443,0.337,-6.285,-38.164,-13.91 -72.313,12.381,7.749,12.102,30.808,-4.973 -72.313,12.381,7.749,12.102,30.808,-4.973 -22.988,3.649,4.326,5.658,-16.892,-10.412 -22.988,3.649,4.326,5.658,-16.892,-10.412 -46.506,9.411,13.096,-8.493,16.131,-15.864 -46.506,9.411,13.096,-8.493,16.131,-15.864 -16.442,3.337,6.281,12.313,-14.918,-17.456
 -81.055,-7.058,-0.947,-3.868,22.561,-8.944 -11.489,-2.112,-0.296,13.307,37.176,3.862 -11.489,-2.112,-0.296,13.307,37.176,3.862 -58.942,-14.588,3.605,-16.092,136.058,-16.268 -58.942,-14.588,3.605,-16.092,136.058,-16.268 -31.308,-8.709,6.293,2.298,45.232,0.389 -31.308,-8.709,6.293,2.298,45.232,0.389 -16.211,-5.11,5.369,2.368,40.257,6.956
 -16.146,-39.087,16.65,-10.89,29.404,-12.506 -23.243,-50.955,19.452,1.607,35.544,1.371 -23.243,-50.955,19.452,1.607,35.544,1.371 -54.167,-101.954,35.4,-13.21,16.7,-6.633 -54.167,-101.954,35.4,-13.21,16.7,-6.633 -5.563,-9.299,3.038,1.506,-29.823,-64.08 -5.563,-9.299,3.038,1.506,-29.823,-64.08 -24.611,-37.249,12.316,11.075,-9.506,-10.38 -24.611,-37.249,12.316,11.075,-9.506,-10.38 -40.7,-55.408,12.79,2.826,44.517,-5.917 -40.7,-55.408,12.79,2.826,44.517,-5.917 -12.623,-18.762,2.547,10.795,-9.834,5.185 -12.623,-18.762,2.547,10.795,-9.834,5.185 -11.751,-18.591,1.722,16.796,1.664,5.693 -11.751,-18.591,1.722,16.796,1.664,5.693 -21.749,-43.787,-3.156,0.409,24.495,-32.186 -21.749,-43.787,-3.156,0.409,24.495,-32.186 -14.02,-29.5,-2.681,14.846,0.867,6.941 -14.02,-29.5,-2.681,14.846,0.867,6.941 -46.923,-124.111,-24.753,10.451,8.709,18.313
 -4.165,-20.952,9.889,3.351,28.851,-32.678 -13.785,-107.379,53.061,14.216,26.433,-3.436 -13.785,-107.379,53.061,14.216,26.433,-3.436 -0.434,-7.344,3.866,-11.399,1.715,-33.924 -0.434,-7.344,3.866,-11.399,1.715,-33.924 3.085,-93.719,51.47,-0.94,28.272,-10.811 3.085,-93.719,51.47,-0.94,28.272,-10.811 26.794,-115.429,46.499,-8.124,14.912,-13.053 26.794,-115.429,46.499,-8.124,14.912,-13.053 7.149,-24.366,6.267,-6.814,20.326,-17.536 7.149,-24.366,6.267,-6.814,20.326,-17.536 9.98,-39.863,3.02,-1.804,44.585,2.922 9.98,-39.863,3.02,-1.804,44.585,2.922 1.719,-18.439,-0.938,-47.573,-8.229,-61.864 1.719,-18.439,-0.938,-47.573,-8.229,-61.864 -0.183,-43.028,-7.412,-1.632,-8.715,-25.946 -0.183,-43.028,-7.412,-1.632,-8.715,-25.946 -2.863,-29.179,-8.075,-1.543,46.841,3.954 -2.863,-29.179,-8.075,-1.543,46.841,3.954 -5.602,-25.47,-7.343,4.929,-2.199,12.723
 177.619,-96.656,-1.129,15.496,11.856,-10.062 24.964,-12.968,3.055,10.064,37.392,3.312 24.964,-12.968,3.055,10.064,37.392,3.312 172.77,-116.331,36.258,20.693,22.338,2.22
 -4.842,-15.396,-11.007,-49.3,32.099,-17.886 -35.433,-115.662,-94.672,2.451,29.978,3.021 -35.433,-115.662,-94.672,2.451,29.978,3.021 -358.452,-1210.025,-1150.833,9.946,36.254,-2.63 -358.452,-1210.025,-1150.833,9.946,36.254,-2.63 -3.401,-16.055,-15.432,10.734,39.325,-3.864 -3.401,-16.055,-15.432,10.734,39.325,-3.864 -6.654,-67.017,-62.797,2.588,-0.708,-0.985 -6.654,-67.017,-62.797,2.588,-0.708,-0.985 -29.202,-538.527,-454.583,1.806,32.988,4.25 -29.202,-538.527,-454.583,1.806,32.988,4.25 -8.785,-114.748,-93.293,-2.852,22.458,-5.123 -8.785,-114.748,-93.293,-2.852,22.458,-5.123 -16.049,-138.75,-105.65,-5.342,18.126,-18.021 -16.049,-138.75,-105.65,-5.342,18.126,-18.021 -17.881,-139.409,-107.055,-2.409,8.802,-24.263 -35.433,-115.662,-94.672,2.451,29.978,3.021 -40.477,-133.092,-108.754,-6.545,13.329,-15.5
 126.629,109.546,87.933,51.738,54.837,27.814 34.069,30.652,25.662,-23.946,28.807,-34.804 34.069,30.652,25.662,-23.946,28.807,-34.804 33.288,30.498,23.262,1.453,22.709,-23.12
 -80.536,-175.075,-92.302,-7.064,8.955,-17.767 -58.543,-140.308,-75.575,-3.31,13.302,-15.392 -58.543,-140.308,-75.575,-3.31,13.302,-15.392 -45.96,-119.547,-68.721,-3.527,7.321,-14.606
 -43.003,33.723,-8.322,4.423,1.357,9.216 -13.697,10.591,-0.837,-13.597,0.03,-0.78 -13.697,10.591,-0.837,-13.597,0.03,-0.78 -126.733,95.516,-3.282,0.43,10.437,-3.035 -126.733,95.516,-3.282,0.43,10.437,-3.035 -63.432,44.475,-1.545,-28.211,-0.978,-23.428 -43.003,33.723,-8.322,4.423,1.357,9.216 -51.62,43.129,-11.324,-15.032,18.215,-12.696 -51.62,43.129,-11.324,-15.032,18.215,-12.696 -79.221,66.608,-21.953,9.073,10.7,6.37 -79.221,66.608,-21.953,9.073,10.7,6.37 -40.32,30.48,-9.415,9.888,-17.572,-0.938 -43.003,33.723,-8.322,4.423,1.357,9.216 -40.32,30.48,-9.415,9.888,-17.572,-0.938
 132.887,-100.54,-16.254,14.255,8.337,-7.128 43.818,-38.15,5.336,0.612,21.334,-27.443
 -44.746,12.037,-15.323,-24.359,117.332,13.603 -24.971,3.857,-8.056,1.176,12.134,0.262 -44.746,12.037,-15.323,-24.359,117.332,13.603 -40.081,6.462,-13.805,1.494,62.747,-9.134 -44.746,12.037,-15.323,-24.359,117.332,13.603 -38.472,12.2,-11.721,-15.253,-14.582,38.475 -24.971,3.857,-8.056,1.176,12.134,0.262 -99.571,6.63,-33.101,6.534,-14.07,-10.468 -99.571,6.63,-33.101,6.534,-14.07,-10.468 -40.081,6.462,-13.805,1.494,62.747,-9.134 -99.571,6.63,-33.101,6.534,-14.07,-10.468 -73.449,1.277,-22.671,-16.882,18.501,-8.463 -24.971,3.857,-8.056,1.176,12.134,0.262 -55.929,10.027,-14.99,-3.681,35.459,57.055 -55.929,10.027,-14.99,-3.681,35.459,57.055 -26.026,2.43,-6.132,17.049,-13.333,20.658 -26.026,2.43,-6.132,17.049,-13.333,20.658 -67.848,9.79,-15.018,-4.675,34.265,6.07 -67.848,9.79,-15.018,-4.675,34.265,6.07 -118.661,18.47,-23.037,-3.333,15.275,13.49 -118.661,18.47,-23.037,-3.333,15.275,13.49 -55.469,13.428,-11.185,22.509,-8.462,-17.795 -55.469,13.428,-11.185,22.509,-8.462,-17.795 -311.951,79.92,-56.752,-17.728,55.427,-14.77 -118.661,18.47,-23.037,-3.333,15.275,13.49 -90.348,9.224,-15.691,6.528,25.681,2.427 -90.348,9.224,-15.691,6.528,25.681,2.427 -43.842,2.223,-7.988,-9.052,22.775,-25.275 -40.081,6.462,-13.805,1.494,62.747,-9.134 -87.465,18.728,-37.647,9.877,-5.797,-46.791 -87.465,18.728,-37.647,9.877,-5.797,-46.791 -36.354,4.497,-13.898,-11.664,25.673,0.481 -36.354,4.497,-13.898,-11.664,25.673,0.481 -37.333,9.078,-19.825,-6.629,41.843,-10.01 -37.333,9.078,-19.825,-6.629,41.843,-10.01 -61.26,5.627,-28.322,-56.489,-4.93,-110.757
 -66.227,41.593,-20.731,10.289,-14.922,-4.268 -29.939,15.488,-7.383,1.689,36.021,-20.089 -29.939,15.488,-7.383,1.689,36.021,-20.089 -65.657,28.518,-21.662,-9.369,53.862,-38.795 -65.657,28.518,-21.662,-9.369,53.862,-38.795 -129.708,71.864,-48.471,-6.753,26.806,-3.338 -66.227,41.593,-20.731,10.289,-14.922,-4.268 -129.708,71.864,-48.471,-6.753,26.806,-3.338 -66.227,41.593,-20.731,10.289,-14.922,-4.268 -113.564,79.293,-35.388,-1.242,22.754,-17.745 -65.657,28.518,-21.662,-9.369,53.862,-38.795 -57.92,21.488,-18.742,-7.885,35.1,2.608
 -41.239,-6.234,-18.046,12.092,1.585,-8.034 -24.977,-3.273,-7.469,-7.056,25.364,-19.179 -24.977,-3.273,-7.469,-7.056,25.364,-19.179 -44.806,-3.095,-14.197,-0.149,35.707,5.956 -44.806,-3.095,-14.197,-0.149,35.707,5.956 -87.011,-3.847,-36.29,-7.862,31.897,2.469 -44.806,-3.095,-14.197,-0.149,35.707,5.956 -108.746,-9.783,-44.593,5.902,61.65,-12.048 -24.977,-3.273,-7.469,-7.056,25.364,-19.179 -17.384,-2.449,-5.099,-2.971,36.722,-4.638 -87.011,-3.847,-36.29,-7.862,31.897,2.469 -13.594,-0.499,-6.265,-1.192,-6.933,-3.794
 -34.416,-20.759,83.796,-2.2,27.753,-8.446 -48.765,-7.176,133.883,4.341,40.678,-7.96 -48.765,-7.176,133.883,4.341,40.678,-7.96 -40.508,5.081,108.219,-9.233,23.947,2.901 -40.508,5.081,108.219,-9.233,23.947,2.901 -8.91,6.564,30.13,22.212,-4.26,-21.49 -8.91,6.564,30.13,22.212,-4.26,-21.49 -23.778,99.609,265.235,-2.379,-18.304,-15.85 -23.778,99.609,265.235,-2.379,-18.304,-15.85 192.507,650.415,1548.354,-16.017,-47.847,28.641 192.507,650.415,1548.354,-16.017,-47.847,28.641 61.921,73.786,212.865,-1.068,18.146,-9.272
 -9.925,-12.359,26.346,3.974,6.853,-8.126 -5.532,-9.766,18.362,-13.133,43.047,14.627 -5.532,-9.766,18.362,-13.133,43.047,14.627 -5.432,-12.199,24.609,3.379,12.939,-8.427 -5.432,-12.199,24.609,3.379,12.939,-8.427 -9.178,-40.388,91.793,-6.268,17.14,-11.736 -9.178,-40.388,91.793,-6.268,17.14,-11.736 8.706,-35.989,109.375,20.786,31.131,-1.988 8.706,-35.989,109.375,20.786,31.131,-1.988 18.578,-23.884,112.569,10.254,-6.652,6.216 18.578,-23.884,112.569,10.254,-6.652,6.216 18.592,-4.301,73.196,7.66,0.341,-21.561 18.592,-4.301,73.196,7.66,0.341,-21.561 61.629,13.034,232.615,4.832,18.716,-1.234
 35.908,329.703,58.086,5.316,33.625,2.941 36.048,326.79,54.956,5.587,32.782,1.56 35.908,329.703,58.086,5.316,33.625,2.941 3.462,34.245,5.631,-5.52,106.97,-33.781
 0.047,22.556,31.373,-15.759,24.639,-7.838 0.948,42.13,61.792,2.543,1.923,11.057 0.948,42.13,61.792,2.543,1.923,11.057 1.95,33.083,49.346,-4.486,17.468,-4.155 1.95,33.083,49.346,-4.486,17.468,-4.155 7.598,36.951,73.061,13.87,-3.326,0.136 1.95,33.083,49.346,-4.486,17.468,-4.155 17.038,60.702,85.993,9.79,-11.108,-4.019 3.765,15.89,20.601,7.557,16.051,-12.995 25.245,105.439,180.243,6.17,-1.054,-13.084 25.245,105.439,180.243,6.17,-1.054,-13.084 1.531,69.654,120.132,-0.106,20.101,11.52
 18.18,0.894,-5.037,8.323,-7.015,-27.244 90.835,1.482,-28.358,-6.167,11.343,-2.38 90.835,1.482,-28.358,-6.167,11.343,-2.38 156.353,-1.123,-44.384,5.451,63.902,-7.785 18.18,0.894,-5.037,8.323,-7.015,-27.244 597.331,11.735,-110.833,-47.347,-17.844,-25.966 18.18,0.894,-5.037,8.323,-7.015,-27.244 20.747,2.077,-4.512,-5.159,39.568,6.559 18.18,0.894,-5.037,8.323,-7.015,-27.244 133.334,8.529,-45.829,-36.505,-20.087,-39.058
 61.58,-77.965,19.858,-5.831,15.713,-17.166 43.905,-55.22,16.323,4.34,36.731,1.685 43.905,-55.22,16.323,4.34,36.731,1.685 368.447,-444.06,136.561,-3.116,16.894,-3.295 368.447,-444.06,136.561,-3.116,16.894,-3.295 37.421,-45.469,11.85,-0.526,18.055,-5.373 37.421,-45.469,11.85,-0.526,18.055,-5.373 18.906,-22.706,5.256,0.132,70.473,-4.913
 43.854,-26.892,-39.281,12.103,27.087,-1.737 50.325,-27.292,-47.265,-2.27,-8.442,-58.799 50.325,-27.292,-47.265,-2.27,-8.442,-58.799 53.086,-16.097,-35.853,6.631,-12.913,-14.781 53.086,-16.097,-35.853,6.631,-12.913,-14.781 166.537,-58.673,-99.334,-12.755,21.501,-11.231
 -17.299,4.335,33.191,4.676,23.956,-10.908 -13.103,3.398,20.361,7.207,-11.647,-7.828 -13.103,3.398,20.361,7.207,-11.647,-7.828 -15.095,0.406,20.553,8.431,-13.26,-9.677 -15.095,0.406,20.553,8.431,-13.26,-9.677 -13.463,-0.907,20.804,8.348,-11.684,-9.872 -13.463,-0.907,20.804,8.348,-11.684,-9.872 -13.776,-3.309,20.973,7.161,-12.068,-8.062 -13.776,-3.309,20.973,7.161,-12.068,-8.062 -13.342,-5.117,20.352,6.131,-13.111,-6.12 -13.342,-5.117,20.352,6.131,-13.111,-6.12 -18.53,-9.395,24.165,-3.475,18.771,-9.874
 -4.055,8.195,4.867,25.656,17.426,-0.3 -5.312,12.13,8.239,9.608,16.087,-6.132 -5.312,12.13,8.239,9.608,16.087,-6.132 -5.816,14.196,9.506,-10.301,-10.811,15.728
 -29.797,-35.741,141.814,-1.389,18.256,0.099 -8.058,-7.43,38.619,-5.975,2.849,16.973 -8.058,-7.43,38.619,-5.975,2.849,16.973 -21.201,-15.907,103.953,8.86,1.047,12.287 -21.201,-15.907,103.953,8.86,1.047,12.287 -42.251,-26.62,226.142,10.509,46.605,16.951 -42.251,-26.62,226.142,10.509,46.605,16.951 -20.05,-4.374,177.71,9.132,26.426,3.694
 6.451,-1.799,-3.808,5.483,10.952,-8.228 6.451,-1.799,-3.808,5.483,10.952,-8.228
 6.994,-59.149,-61.609,-8.835,14.833,-14.965 17.195,-79.461,-77.638,10.61,11.598,-3.683 17.195,-79.461,-77.638,10.61,11.598,-3.683 11.085,-39.231,-36.829,9.311,20.943,-0.113 11.085,-39.231,-36.829,9.311,20.943,-0.113 12.654,-41.164,-36.776,15.482,-7.065,-19.27 12.654,-41.164,-36.776,15.482,-7.065,-19.27 39.672,-125.767,-108.096,-1.916,17.511,-25.809 39.672,-125.767,-108.096,-1.916,17.511,-25.809 8.695,-27.8,-22.679,2.508,41.608,8.931 8.695,-27.8,-22.679,2.508,41.608,8.931 3.946,-13.232,-10.429,-8.463,56.204,13.757 3.946,-13.232,-10.429,-8.463,56.204,13.757 6.354,-24.254,-18.967,-10.244,-38.072,-44.254 6.354,-24.254,-18.967,-10.244,-38.072,-44.254 25.673,-101.693,-80.025,3.326,9.285,-12.38 25.673,-101.693,-80.025,3.326,9.285,-12.38 24.557,-167.383,-135.66,-6.979,26.953,-4.773 24.557,-167.383,-135.66,-6.979,26.953,-4.773 17.466,-118.625,-109.152,22.71,14.853,-11.391 17.466,-118.625,-109.152,22.71,14.853,-11.391 6.994,-59.149,-61.609,-8.835,14.833,-14.965
 33.838,-63.222,-102.299,6.003,12.164,14.432 13.084,-15.933,-22.336,9.548,-0.065,7.408 13.084,-15.933,-22.336,9.548,-0.065,7.408 63.061,-48.826,-108.595,22.277,40.279,-17.861 63.061,-48.826,-108.595,22.277,40.279,-17.861 28.5,-16.802,-47.236,12.675,6.174,-12.862 28.5,-16.802,-47.236,12.675,6.174,-12.862 93.199,-53.59,-158.69,6.109,22.414,-14.784 93.199,-53.59,-158.69,6.109,22.414,-14.784 9.791,-11.259,-19.043,8.729,17.342,-0.77 9.791,-11.259,-19.043,8.729,17.342,-0.77 64.567,-69.543,-119.763,7.835,-7.512,-19.714
 0.809,-123.108,48.732,5.441,50.626,5.922 12.738,-333.163,126.746,-3.889,9.966,-15.624
 48.382,159.577,42.351,-0.164,3.457,-45.337 14.731,51.689,12.918,19.772,-1.764,-11.209 14.731,51.689,12.918,19.772,-1.764,-11.209 19.478,66.59,14.022,1.879,-0.916,6.055 19.478,66.59,14.022,1.879,-0.916,6.055 9.839,33.698,6.285,-1.846,17.854,-19.072 9.839,33.698,6.285,-1.846,17.854,-19.072 19.762,63.265,10.379,7.042,24.159,-5.54 19.762,63.265,10.379,7.042,24.159,-5.54 2.414,7.637,0.978,-9.619,28.385,3.398 2.414,7.637,0.978,-9.619,28.385,3.398 76.009,245.568,25.228,8.721,21.136,3.469 76.009,245.568,25.228,8.721,21.136,3.469 85.812,290.868,12.926,5.705,22.19,2.906 85.812,290.868,12.926,5.705,22.19,2.906 62.912,228.978,7.106,4.636,14.368,-6.852
 67.199,562.091,-181.996,-6.551,25.084,-3.363 6.349,45.532,-17.426,-1.627,-20.157,-13.762 6.349,45.532,-17.426,-1.627,-20.157,-13.762 0.557,8.211,-3.4,11.323,-15.05,-10.946 0.557,8.211,-3.4,11.323,-15.05,-10.946 1.233,32.555,-12.427,-35.761,55.723,-135.351
 79.837,20.168,146.837,-5.755,19.659,-7.597 79.837,20.168,146.837,-5.755,19.659,-7.597
 -23.264,-5.804,18.948,-1.117,34.626,4.395 -13.329,-2.651,11.115,-59.766,18.637,59.916 -13.329,-2.651,11.115,-59.766,18.637,59.916 -51.327,-8.767,45.064,7.027,9.365,-13.096 -51.327,-8.767,45.064,7.027,9.365,-13.096 -6.266,-0.929,5.576,-1.379,28.312,13.158 -6.266,-0.929,5.576,-1.379,28.312,13.158 -58.193,-6.591,47.457,-7.164,27.19,-12.164 -58.193,-6.591,47.457,-7.164,27.19,-12.164 -167.396,-11.798,144.138,-9.332,-18.547,-35.507 -167.396,-11.798,144.138,-9.332,-18.547,-35.507 -25.044,-0.231,23.392,1.276,56.151,10.711
 74.814,-22.861,73.751,-5.804,60.09,-5.203 72.271,-26.121,74.929,5.155,48.845,-3.683 72.271,-26.121,74.929,5.155,48.845,-3.683 118.575,-54.648,137.76,0.908,21.412,-6.065 118.575,-54.648,137.76,0.908,21.412,-6.065 21.687,-16.05,27.544,10.891,-13.595,-7.231 21.687,-16.05,27.544,10.891,-13.595,-7.231 207.461,-207.777,320.663,8.398,12.737,4.175 207.461,-207.777,320.663,8.398,12.737,4.175 134.394,-128.732,179.264,-3.33,17.777,-13.566 134.394,-128.732,179.264,-3.33,17.777,-13.566 40.414,-29.107,42.408,2.269,-2.103,7.191
 -14.272,-15.89,-27.435,-3.458,23.998,0.573 -53.709,-44.23,-81.25,-4.654,15.166,-15.712 -53.709,-44.23,-81.25,-4.654,15.166,-15.712 -99.497,-78.169,-153.261,-4.704,30.669,-9.995
 -15.862,-37.279,-5.962,0.133,33.661,2.094 -9.468,-29.954,-5.983,14.541,-1.129,-12.016
 135.315,100.082,-36.667,6.99,-6.608,-8.547 118.091,94.533,-20.881,-13.351,44.63,-49.15 118.091,94.533,-20.881,-13.351,44.63,-49.15 81.766,55.664,-11.134,-17.122,40.854,-51.88 220.703,161.786,-13.288,7.974,8.696,-9.092 23.866,17.027,-5.581,-4.126,23.689,-13.791 23.866,17.027,-5.581,-4.126,23.689,-13.791 16.13,13.483,-4.42,-3.244,20.118,-26.78
 -8.555,-80.249,-85.061,-11.481,23.634,-8.356 -6.474,-52.425,-62.676,-9.614,21.29,-16.815 -6.474,-52.425,-62.676,-9.614,21.29,-16.815 -18.72,-122.696,-180.792,-4.876,23.451,-14.925
 147.716,-72.07,127.255,-1.812,10.589,-4.967 59.87,-31.17,44.133,2.635,-6.691,-4.646 59.87,-31.17,44.133,2.635,-6.691,-4.646 74.632,-40.7,47.051,-0.933,16.252,-9.864
 -108.746,-9.783,-44.593,5.902,61.65,-12.048 -108.746,-9.783,-44.593,5.902,61.65,-12.048
 36.052,-1.903,88.495,3.148,6.736,4.934 80.377,12.161,189.215,-9.134,21.345,-14.906 80.377,12.161,189.215,-9.134,21.345,-14.906 243.222,65.797,543.184,5.632,-3.318,-1.428 243.222,65.797,543.184,5.632,-3.318,-1.428 49.717,16.08,112.152,1.341,14.746,-4.915 49.717,16.08,112.152,1.341,14.746,-4.915 72.586,48.265,200.707,4.393,-5.686,-13.304 72.586,48.265,200.707,4.393,-5.686,-13.304 9.178,8.859,23.515,-5.295,20.51,27.495 9.178,8.859,23.515,-5.295,20.51,27.495 291.187,376.307,822.152,12.393,-4.224,-2.249 291.187,376.307,822.152,12.393,-4.224,-2.249 338.395,440.656,920.253,9.281,-6.715,-5.932 338.395,440.656,920.253,9.281,-6.715,-5.932 20.623,26.878,49.204,10.73,-7.366,-5.021
 -26.598,-42.138,-33.141,-1.554,0.685,-8.653 -59.824,-87.603,-73.483,-6.054,13.693,-18.42
 -67.898,5.706,26.638,-12.775,22.284,-11.408 -67.898,5.706,26.638,-12.775,22.284,-11.408
 -8.823,-5.933,3.699,-57.743,31.49,-102.416 -8.823,-5.933,3.699,-57.743,31.49,-102.416
 -7.24,-0.386,33.021,1.403,-1.651,9.009 -7.24,-0.386,33.021,1.403,-1.651,9.009
 581.451,416.114,1053.908,-5.272,0.976,-23.678 34.175,32.504,62.053,2.349,1.22,0.579 34.175,32.504,62.053,2.349,1.22,0.579 4.635,5.017,8.029,-22.201,68.918,34.74 4.635,5.017,8.029,-22.201,68.918,34.74 16.594,18.029,24.381,4.18,46.404,3.955 16.594,18.029,24.381,4.18,46.404,3.955 14.189,15.239,18.072,1.914,2.514,2.48 14.189,15.239,18.072,1.914,2.514,2.48 50.772,53.119,59.165,-5.875,77.147,-19.576 50.772,53.119,59.165,-5.875,77.147,-19.576 22.33,20.566,23.991,-6.384,42.86,-6.34 22.33,20.566,23.991,-6.384,42.86,-6.34 13.884,11.884,15.441,-1.5,-4.071,-30.845

 -27.76,-17.753,15.43,-14.079,-4.262,-4.766 -77.967,-45.549,46.779,-3.856,41.815,0.917 -77.967,-45.549,46.779,-3.856,41.815,0.917 -148.675,-82.896,88.583,26.516,-14.538,-57.876
 -20.996,-104.71,27.401,3.683,36.205,8.394 -20.996,-104.71,27.401,3.683,36.205,8.394
 -26.597,-65.125,-20.988,-1.27,39.335,-2.898 -57.238,-133.264,-48.405,-0.438,8.856,-14.388 -57.238,-133.264,-48.405,-0.438,8.856,-14.388 -23.347,-52.503,-20.956,-4.001,6.33,-13.152 -23.347,-52.503,-20.956,-4.001,6.33,-13.152 -17.999,-44.626,-18.922,2.334,-7.456,7.167
 -29.84,-68.152,18.595,13.335,-5.247,-22.577 -10.612,-21.124,5.688,5.419,-35.156,-42.811 -10.612,-21.124,5.688,5.419,-35.156,-42.811 -46.812,-94.948,21.519,2.599,-1.258,-39.417 -46.812,-94.948,21.519,2.599,-1.258,-39.417 -39.258,-97.909,21.438,-88.573,23.679,-38.987 -39.258,-97.909,21.438,-88.573,23.679,-38.987 -104.118,-274.311,36.583,-15.758,16.014,-3.132
 -369.442,-419.869,-342.975,-9.315,31.481,14.499 -44.026,-53.316,-50.72,-0.589,57.546,-10.95
 16.391,152.033,-12.944,6.174,29.279,-3.961 50.584,469.099,-44.733,0.124,36.354,-0.043 50.584,469.099,-44.733,0.124,36.354,-0.043 76.014,706.411,-73.546,-5.324,22.365,-4.353 16.391,152.033,-12.944,6.174,29.279,-3.961 62.775,602.667,-12.713,-1.571,26.234,-3.59
 -6.152,-12.561,-2.058,11.006,-12.911,-34.549 -57.12,-106.983,-27.432,-16.023,22.322,-12.987 -57.12,-106.983,-27.432,-16.023,22.322,-12.987 -16.836,-29.257,-10.02,-70.708,90.148,-56.56
 -11.017,10.785,-35.282,9.462,-8.771,-13.998 -4.03,13.029,-38.51,-10.527,18.555,4.197 -11.017,10.785,-35.282,9.462,-8.771,-13.998 -7.952,10.773,-30.269,10.793,-5.362,-34.705 -11.017,10.785,-35.282,9.462,-8.771,-13.998 -24.553,35.126,-128.195,-10.227,33.854,-26.724 -11.017,10.785,-35.282,9.462,-8.771,-13.998 -25.982,74.578,-195.049,-1.491,17.28,-18.944 -11.017,10.785,-35.282,9.462,-8.771,-13.998 -5.726,12.03,-42.53,-13.811,12.79,-45.342
 25.97,-10.912,-0.01,36.634,12.318,4.993 45.636,-20.88,-1.215,-10.429,38.594,2.737 25.97,-10.912,-0.01,36.634,12.318,4.993 50.763,-19.65,-0.112,0.832,24.39,-14.187 25.97,-10.912,-0.01,36.634,12.318,4.993 307.631,-134.917,8.077,14.78,23.987,4.177 25.97,-10.912,-0.01,36.634,12.318,4.993 177.619,-96.656,-1.129,15.496,11.856,-10.062
 219.959,-17.722,-71.816,-3.686,-45.327,-82.465 124.806,-8.617,-41.318,14.099,17.072,-5.615 124.806,-8.617,-41.318,14.099,17.072,-5.615 94.721,-3.575,-32.47,20.077,12.24,-8.693
 61.846,25.492,-26.525,-4.558,18.957,0.323 60.906,28.034,-26.108,-2.961,46.973,6.896 60.906,28.034,-26.108,-2.961,46.973,6.896 78.663,45.419,-35.009,-19.855,59.899,-16.955 78.663,45.419,-35.009,-19.855,59.899,-16.955 110.053,61.424,-52.274,-2.419,43.371,-25.141
 11.607,-61.675,91.448,-7.153,27.653,-16.827 75.546,-527.919,822.637,3.732,-23.865,-30.758 75.546,-527.919,822.637,3.732,-23.865,-30.758 3.143,-30.021,49.842,-13.324,28.254,-15.156 3.143,-30.021,49.842,-13.324,28.254,-15.156 11.788,-51.883,89.923,32.318,34.584,-19.288 11.788,-51.883,89.923,32.318,34.584,-19.288 11.054,-43.726,71.662,-9.756,-4.597,-41.473 11.054,-43.726,71.662,-9.756,-4.597,-41.473 24.467,-90.171,136.751,-5.785,-11.194,3.116 24.467,-90.171,136.751,-5.785,-11.194,3.116 18.351,-63.041,88.397,-8.895,23.186,-14.583
 9.861,15.074,-63.823,8.027,41.443,-5.596 20.052,18.45,-102.17,2.548,-20.48,-6.075
 87.251,14.199,121.212,4.571,13.313,-2.375 87.251,14.199,121.212,4.571,13.313,-2.375
 -1.362,-30.764,-23.242,6.672,-23.332,-11.007 -1.362,-30.764,-23.242,6.672,-23.332,-11.007
 124.678,-69.599,-5.374,18.33,8.846,-8.384 61.867,-34.015,-1.117,19.47,-17.925,-14.846
 20.315,31.999,112.189,2.735,23.616,-10.232 9.168,10.177,49.037,12.769,19.279,3.995 9.168,10.177,49.037,12.769,19.279,3.995 26.345,16.07,124.838,14.071,0.148,-3.322 26.345,16.07,124.838,14.071,0.148,-3.322 71.623,43.91,304.663,-0.468,-8.244,-7.202 71.623,43.91,304.663,-0.468,-8.244,-7.202 12.441,7.434,45.746,-2.712,-13.238,-11.797 12.441,7.434,45.746,-2.712,-13.238,-11.797 7.228,4.567,25.63,3.734,48.857,-9.143 7.228,4.567,25.63,3.734,48.857,-9.143 9.939,5.852,33.321,4.664,-7.817,-5.309 9.939,5.852,33.321,4.664,-7.817,-5.309 26.886,12.958,84.86,-8.713,31.917,-1.027 26.886,12.958,84.86,-8.713,31.917,-1.027 8.584,3.61,25.956,3.138,20.701,1.395
 13.85,10.538,41.813,0.866,-2.66,1.467 49.17,26.807,113.163,-3.489,19.899,-12.124 49.17,26.807,113.163,-3.489,19.899,-12.124 14.426,5.669,27.102,-6.937,44.411,2.467 14.426,5.669,27.102,-6.937,44.411,2.467 22.783,7.304,34.359,-5.769,45.266,5.17 22.783,7.304,34.359,-5.769,45.266,5.17 77.716,16.815,98.08,6.169,19.878,3.29 77.716,16.815,98.08,6.169,19.878,3.29 140.69,27.81,160.874,-8.921,16.763,-17.87
 -41.583,-36.463,28.27,7.581,26.482,-5.225 -10.681,-8.548,7.817,12.103,-8.354,8.903 -10.681,-8.548,7.817,12.103,-8.354,8.903 -34.262,-26.727,25.465,6.17,35.255,17.613
 10.811,-3.181,113.837,2.847,54.754,3.844 5.773,1.785,92.366,-5.506,35.251,7.959 5.773,1.785,92.366,-5.506,35.251,7.959 1.343,1.048,132.615,-11.448,26.328,-17.093 1.343,1.048,132.615,-11.448,26.328,-17.093 -0.403,-3.306,55.829,4.433,14.406,-8.05 -0.403,-3.306,55.829,4.433,14.406,-8.05 -4.458,-13.318,100.404,8.862,-2.178,3.058 -4.458,-13.318,100.404,8.862,-2.178,3.058 -13.011,-19.301,107.61,9.489,-4.51,-12.347
 -62.51,-116.103,-49.745,-2.062,10.589,-13.624 -39.521,-73.865,-31.938,21.051,1.203,-16.317 -62.51,-116.103,-49.745,-2.062,10.589,-13.624 -55.881,-102.321,-41.986,-0.654,7.074,-13.417
 20.387,-45.412,-23.089,8.418,25.471,2.491 25.544,-65.454,-32.033,4.933,51.408,0.136
 11.28,-20.384,-11.514,14.835,25.085,17.521 50.617,-88.604,-50.202,-7.502,41.698,35.928 50.617,-88.604,-50.202,-7.502,41.698,35.928 62.126,-104.781,-63.981,25.117,-0.442,3.608 62.126,-104.781,-63.981,25.117,-0.442,3.608 110.848,-198.041,-116.487,-0.854,25.295,-8.778 110.848,-198.041,-116.487,-0.854,25.295,-8.778 11.28,-20.384,-11.514,14.835,25.085,17.521
 -37.437,-55.496,42.673,-8.105,8.366,-5.71 -62.228,-83.279,63.356,1.1,21.339,-18.91 -62.228,-83.279,63.356,1.1,21.339,-18.91 -18.458,-23.589,16.675,-8.755,36.646,3.088 -18.458,-23.589,16.675,-8.755,36.646,3.088 -12.176,-16.559,10.344,6.922,-12.751,-7.815 -12.176,-16.559,10.344,6.922,-12.751,-7.815 -22.633,-33.161,19.839,-11.482,25.55,4.776 -22.633,-33.161,19.839,-11.482,25.55,4.776 -24.824,-38.814,22.54,-10.082,19.845,-23.087 -24.824,-38.814,22.54,-10.082,19.845,-23.087 -33.656,-56.902,33.507,-14.356,29.365,-33.123 -33.656,-56.902,33.507,-14.356,29.365,-33.123 -48.908,-85.956,56.755,-10.229,23.355,-13.119 -48.908,-85.956,56.755,-10.229,23.355,-13.119 -7.26,-12.708,9.615,-39.163,-35.372,-43.76
 -19.577,30.596,17.331,17.934,-2.203,-79.037 -91.636,130.221,70.969,-3.785,35.309,-3.323 -91.636,130.221,70.969,-3.785,35.309,-3.323 -69.755,93.872,61.906,-16.484,57.339,-52.379 -69.755,93.872,61.906,-16.484,57.339,-52.379 -102.084,155.485,105.907,-7.474,32.21,-5.109
 -17.649,-65.393,-90.411,-5.465,-22.333,-11.518 -28.427,-186.831,-284.2,2.23,22.94,-11.701 -28.427,-186.831,-284.2,2.23,22.94,-11.701 -4.256,-33.571,-60.263,-15.361,25.438,-24.555 -4.256,-33.571,-60.263,-15.361,25.438,-24.555 -14.501,-45.841,-80.149,18.064,-0.171,-13.665 -14.501,-45.841,-80.149,18.064,-0.171,-13.665 -25.642,-93.442,-143.602,-6.478,30.755,-11.618
 -226.221,96.166,-404.919,3.2,32.855,-6.31 -1165.309,396.985,-2095.396,-1.094,86.98,20.567 -1165.309,396.985,-2095.396,-1.094,86.98,20.567 -258.473,26.742,-469.8,-6.102,35.104,-7.215 -258.473,26.742,-469.8,-6.102,35.104,-7.215 -58.063,6.159,-114.693,6.343,20.089,-1.01 -58.063,6.159,-114.693,6.343,20.089,-1.01 -15.373,0.967,-35.815,-10.771,19.273,-12.273
 -54.837,76.515,-159.873,7.493,27.803,8.415 -90.888,78.252,-201.792,-0.72,28.564,-3.722 -90.888,78.252,-201.792,-0.72,28.564,-3.722 -238.987,176.125,-498.602,-1.789,37.708,-11.427 -238.987,176.125,-498.602,-1.789,37.708,-11.427 -193.584,129.048,-447.076,1.587,35.399,6.149 -193.584,129.048,-447.076,1.587,35.399,6.149 -94.341,61.792,-242.645,-3.242,21.854,-8.612

 6.564,-11.926,1.529,-15.184,33.829,-35.602 2.355,-4.487,0.791,-1.099,30.18,5.24 2.355,-4.487,0.791,-1.099,30.18,5.24 78.634,-157.27,32.948,11.528,7.726,-1.497
 18.673,-9.904,-22.635,1.329,20.5,-22.787 34.993,-12.277,-39.608,12.044,32.759,-2.253 34.993,-12.277,-39.608,12.044,32.759,-2.253 23.066,-7.433,-30.268,-4.287,22.083,-4.847 23.066,-7.433,-30.268,-4.287,22.083,-4.847 78.155,-26.29,-111.436,26.941,12.234,-10.087 78.155,-26.29,-111.436,26.941,12.234,-10.087 11.929,-2.242,-19.604,16.084,-6.907,-11.064 11.929,-2.242,-19.604,16.084,-6.907,-11.064 19.533,-5.154,-26.57,-4.785,-9.389,-0.44 19.533,-5.154,-26.57,-4.785,-9.389,-0.44 34.993,-12.277,-39.608,12.044,32.759,-2.253 34.993,-12.277,-39.608,12.044,32.759,-2.253 38.629,-8.5,-39.896,-0.024,36.115,-2.085 34.993,-12.277,-39.608,12.044,32.759,-2.253 27.996,-6.608,-27.316,7.881,-11.027,-13.052 34.993,-12.277,-39.608,12.044,32.759,-2.253 52.815,-18.315,-49.307,2.212,2.819,-45.137 52.815,-18.315,-49.307,2.212,2.819,-45.137 60.87,-25.633,-53.736,-22.979,25.887,-57.513 34.993,-12.277,-39.608,12.044,32.759,-2.253 72.862,-30.271,-75.528,-0.668,-7.985,-0.336 72.862,-30.271,-75.528,-0.668,-7.985,-0.336 56.798,-27.82,-55.654,8.214,16.451,10.755
 -82.403,-42.67,-82.642,-5.664,14.405,-15.323 -89.371,-46.334,-92.16,-5.633,13.871,-14.839 -89.371,-46.334,-92.16,-5.633,13.871,-14.839 -90.891,-51.566,-94.426,-4.323,16.1,-13.58 -90.891,-51.566,-94.426,-4.323,16.1,-13.58 -98.896,-60.631,-101.48,-8.556,15.121,-18.922
 -1.587,-14.453,3.239,6.011,-16.472,-12.604 -1.587,-14.453,3.239,6.011,-16.472,-12.604
 -129.733,421.761,-218.98,-3.833,34.302,-8.148 -190.762,496.337,-298.433,-6.062,46.068,-3.279 -190.762,496.337,-298.433,-6.062,46.068,-3.279 -118.625,239.874,-208.838,6.811,24.487,-3.375 -118.625,239.874,-208.838,6.811,24.487,-3.375 -247.086,438.201,-294.373,1.752,43.134,-0.528 -247.086,438.201,-294.373,1.752,43.134,-0.528 -135.692,266.063,-145.265,6.784,22.243,0.108 -135.692,266.063,-145.265,6.784,22.243,0.108 -39.647,86.168,-47.921,-3.364,27.803,-0.444 -39.647,86.168,-47.921,-3.364,27.803,-0.444 -190.762,496.337,-298.433,-6.062,46.068,-3.279 -190.762,496.337,-298.433,-6.062,46.068,-3.279 -27.498,105.142,-60.172,-7.64,23.093,-11.899 -27.498,105.142,-60.172,-7.64,23.093,-11.899 -37.672,170.485,-111.267,5.528,15.724,-3.829 -37.672,170.485,-111.267,5.528,15.724,-3.829 -45.719,130.657,-104.68,3.695,18.241,-5.372 -45.719,130.657,-104.68,3.695,18.241,-5.372 -118.625,239.874,-208.838,6.811,24.487,-3.375
 -21.197,-71.569,13.384,-15.184,17.496,-14.983 -7.432,-26.651,4.568,-22.736,63.483,-10.394 -7.432,-26.651,4.568,-22.736,63.483,-10.394 -17.437,-55.575,7.407,14.725,-0.794,-3.005 -17.437,-55.575,7.407,14.725,-0.794,-3.005 -41.297,-123.121,19.6,6.1,21.663,5.413
 -210.159,41.609,91.36,-11.492,31.102,0.188 -210.159,41.609,91.36,-11.492,31.102,0.188
 22.698,-25.507,9.871,-1.804,-5.697,-33.755 48.015,-57.406,21.336,12.956,15.641,1.984 48.015,-57.406,21.336,12.956,15.641,1.984 18.994,-23.134,7.794,0.397,26.847,-12.557 18.994,-23.134,7.794,0.397,26.847,-12.557 42.742,-49.404,17.595,3.02,-13.619,-10.97 42.742,-49.404,17.595,3.02,-13.619,-10.97 22.698,-25.507,9.871,-1.804,-5.697,-33.755 18.994,-23.134,7.794,0.397,26.847,-12.557 40.586,-50.43,16.951,-6.123,30.631,-3.48
 8.584,3.61,25.956,3.138,20.701,1.395 37.468,17.177,135.156,9.804,-4.065,-7.655 8.584,3.61,25.956,3.138,20.701,1.395 225.208,77.763,722.272,-10.174,-9.837,-18.273 8.584,3.61,25.956,3.138,20.701,1.395 32.295,10.284,87.284,6.671,18.523,-2.01 8.584,3.61,25.956,3.138,20.701,1.395 21.343,8.4,57.144,-19.005,15.772,-9.051 8.584,3.61,25.956,3.138,20.701,1.395 43.821,20.982,120.512,-5.923,33.411,7.663 8.584,3.61,25.956,3.138,20.701,1.395 70.96,39.334,207.935,-11.128,12.059,-39.982
 -29.703,-117.236,30.36,1.997,-52.831,-25.449 -19.348,-77.108,19.24,-1.515,28.092,-19.786 -19.348,-77.108,19.24,-1.515,28.092,-19.786 -9.722,-40.018,9.312,9.812,-1.989,-2.472 -9.722,-40.018,9.312,9.812,-1.989,-2.472 -67.702,-321.711,61.437,2.626,-34.176,-34.528
 44.057,-5.22,-34.436,8.422,23.214,3.747 55.803,-6.093,-51.645,18.179,13.358,-9.996 55.803,-6.093,-51.645,18.179,13.358,-9.996 45.435,-4.405,-46.439,-3.503,22.395,0.279 45.435,-4.405,-46.439,-3.503,22.395,0.279 30.84,1.267,-31.682,-34.401,23.852,-19.689 30.84,1.267,-31.682,-34.401,23.852,-19.689 17.221,1.978,-16.553,11.035,13.435,-6.828 17.221,1.978,-16.553,11.035,13.435,-6.828 19.084,2.198,-17.483,22.707,31.465,-82.685 19.084,2.198,-17.483,22.707,31.465,-82.685 51.42,9.374,-54.286,15.081,-7.752,-13.429 51.42,9.374,-54.286,15.081,-7.752,-13.429 35.325,4.873,-40.738,1.853,36.672,-0.167 35.325,4.873,-40.738,1.853,36.672,-0.167 numeric(0),numeric(0),numeric(0),numeric(0),numeric(0),numeric(0) numeric(0),numeric(0),numeric(0),numeric(0),numeric(0),numeric(0) 50.455,20.479,-51.347,-26.763,-17.648,-71.236
 -133.243,156.236,74.226,3.565,51.407,-2.38 -133.243,156.236,74.226,3.565,51.407,-2.38
 52.402,51.839,61.115,8.218,24.122,-5.573 52.402,51.839,61.115,8.218,24.122,-5.573
 40.266,74.613,102.309,17.518,14.912,-9.977 40.266,74.613,102.309,17.518,14.912,-9.977
 -17.374,35.447,17.905,-6.376,23.489,-1.85 -17.374,35.447,17.905,-6.376,23.489,-1.85
 -51.604,-95.631,-81.299,-10.076,5.909,-25.595 -51.553,-89.402,-81.786,-7.367,9.209,-18.303
 12.911,63.119,-153.153,-7.964,33.717,2.705 10.181,20.514,-43.945,3.238,28.529,-26.527
 27.65,-107.438,-42.823,12.964,25.443,0.075 10.864,-37.465,-15.556,20.643,-15.831,-20.886 10.864,-37.465,-15.556,20.643,-15.831,-20.886 44.828,-142.689,-57.483,-6.785,18.168,-22.516 44.828,-142.689,-57.483,-6.785,18.168,-22.516 46.374,-131.622,-47.924,-2.057,-16.088,-13.047 46.374,-131.622,-47.924,-2.057,-16.088,-13.047 13.283,-35.681,-12.259,-3.901,-4.009,3.527 13.283,-35.681,-12.259,-3.901,-4.009,3.527 160.831,-431.729,-131.716,3.401,-4.066,-15.261
 44.484,-183.508,141.765,-12.385,19.743,-13.862 50.318,-226.595,152.835,-2.129,22.016,-20.268 50.318,-226.595,152.835,-2.129,22.016,-20.268 43.111,-163.912,108.765,-7.159,16.034,-9.204 43.111,-163.912,108.765,-7.159,16.034,-9.204 64.252,-212.472,161.868,-4.057,10.536,-15.109
 -60.661,-119.049,-47.211,-2.444,6.213,-18.529 -60.661,-119.049,-47.211,-2.444,6.213,-18.529
 5.575,11.434,-15.985,4.26,30.944,-8.652 10.858,27.563,-42.379,-6.844,21.455,-19.522 10.858,27.563,-42.379,-6.844,21.455,-19.522 18.097,156.562,-302.625,3.49,21.583,3.409 18.097,156.562,-302.625,3.49,21.583,3.409 1.247,18.747,-41.682,6.279,-0.67,3.177 1.247,18.747,-41.682,6.279,-0.67,3.177 -1.189,31.163,-80.581,20.432,14.577,-13.965
 -75.15,-20.016,-5.182,12.615,21.79,3.619 -75.15,-20.016,-5.182,12.615,21.79,3.619
 -22.199,59.34,47.329,26.095,34.099,6.39 -22.199,59.34,47.329,26.095,34.099,6.39
 18.041,-16.211,-20.547,-7.744,18.782,-27.692 18.041,-16.211,-20.547,-7.744,18.782,-27.692
 -37.665,-6.961,6.916,4.748,-14.492,-17.303 -78.038,-15.742,10.726,0.859,42.107,0.643 -78.038,-15.742,10.726,0.859,42.107,0.643 -142.302,-23.256,22.314,-3.771,36.677,2.009
 92.247,244.216,4.549,14.205,20.409,-6.19 54.856,162.771,-9.767,-6.808,18.307,-11.29 54.856,162.771,-9.767,-6.808,18.307,-11.29 19.238,63.815,-6.362,7.398,3.95,7.457 19.238,63.815,-6.362,7.398,3.95,7.457 13.802,51.367,-9.631,-11.159,-18.014,-31.31 13.802,51.367,-9.631,-11.159,-18.014,-31.31 21.911,81.671,-18.804,-16.897,0.24,-35.827 21.911,81.671,-18.804,-16.897,0.24,-35.827 21.108,67.144,-20.471,-2.214,46.082,6.364 21.108,67.144,-20.471,-2.214,46.082,6.364 3.935,12.039,-3.857,-0.389,25.128,3.874 3.935,12.039,-3.857,-0.389,25.128,3.874 36.198,100.053,-38.037,-30.737,-40.542,-37.862 36.198,100.053,-38.037,-30.737,-40.542,-37.862 32.698,128.161,-55.586,-31.874,43.494,-3.644
 30.878,62.199,-12.565,0.751,-4.541,-54.492 17.284,33.873,-4.56,4.113,12.149,13.447 17.284,33.873,-4.56,4.113,12.149,13.447 26.234,58.702,-4.209,8.383,-17.718,-16.232 26.234,58.702,-4.209,8.383,-17.718,-16.232 74.322,194.425,-12.193,4.452,14.041,-5.48 74.322,194.425,-12.193,4.452,14.041,-5.48 243.893,709.207,-112.132,-9.698,20.071,4.409 243.893,709.207,-112.132,-9.698,20.071,4.409 46.197,133.37,-21.836,-7.982,41.778,-24.55
 -151.505,102.449,45.674,-9.991,5.015,0.913 -54.909,41.397,13.741,-10.998,50.526,-20.149 -54.909,41.397,13.741,-10.998,50.526,-20.149 -25.851,20.114,5.221,0.829,-8.693,-0.524
 176.961,-81.279,104.988,11.665,14.843,8.687 9.335,-5.015,5.02,2.863,17.186,-1.002 9.335,-5.015,5.02,2.863,17.186,-1.002 25.626,-17.18,14.812,-2.561,10.83,-1.492 25.626,-17.18,14.812,-2.561,10.83,-1.492 16.104,-10.848,10.649,36.566,7.83,-14.464
 69.723,104.539,115.461,3.976,-15.31,-7.753 76.156,129.1,125.817,-2.395,18.963,-16.453 76.156,129.1,125.817,-2.395,18.963,-16.453 167.128,286.479,239.126,25.813,47.239,45.059 167.128,286.479,239.126,25.813,47.239,45.059 114.964,187.846,136.996,4.336,24.217,1.021 114.964,187.846,136.996,4.336,24.217,1.021 156.087,232.105,176.743,5.586,25.426,-2.755 156.087,232.105,176.743,5.586,25.426,-2.755 173.35,253.119,206.659,7.602,20.559,4.241
 14.372,68.053,-14.618,-3.616,23.558,-15.436 28.285,136.675,-32.072,11.766,15.27,-4.926 28.285,136.675,-32.072,11.766,15.27,-4.926 51.187,287.183,-68.295,-1.106,18.399,-11.198 51.187,287.183,-68.295,-1.106,18.399,-11.198 18.403,104.324,-23.128,11.219,26.095,-2.071
 142.401,44.559,161.368,6.894,6.317,-10.825 142.401,44.559,161.368,6.894,6.317,-10.825
 -14.21,142.996,-46.569,-0.73,32.327,-10.802 -23.028,138.018,-46.107,5.423,-2.09,-5.481 -23.028,138.018,-46.107,5.423,-2.09,-5.481 -81.004,340.357,-128.893,3.31,30.659,-2.117 -81.004,340.357,-128.893,3.31,30.659,-2.117 -41.168,168.095,-64.378,3.757,-14.452,-4.01 -41.168,168.095,-64.378,3.757,-14.452,-4.01 -165.875,689.164,-318.333,4.384,41.145,-1.085 -165.875,689.164,-318.333,4.384,41.145,-1.085 -58.697,419.56,-183.49,3.091,30.857,1.634 -58.697,419.56,-183.49,3.091,30.857,1.634 -14.21,142.996,-46.569,-0.73,32.327,-10.802
 -4.212,-29.367,-17.037,-0.671,-21.107,-37.751 -4.212,-29.367,-17.037,-0.671,-21.107,-37.751
 -44.976,-31.42,16.051,-11.929,38.453,13.176 -224.354,-143.926,72.874,4.994,23.971,-12.005 -224.354,-143.926,72.874,4.994,23.971,-12.005 -27.345,-18.114,7.548,7.863,53.835,-17.32 -27.345,-18.114,7.548,7.863,53.835,-17.32 -20.882,-14.523,5.874,7.682,-10.519,-4.04
 -2.996,-48.07,-102,-3.681,31.044,-5.675 0.681,-18.195,-36.789,2.263,38.455,-6.359 0.681,-18.195,-36.789,2.263,38.455,-6.359 8.615,-62.537,-120.13,2.026,-19.908,-100.699 8.615,-62.537,-120.13,2.026,-19.908,-100.699 35.453,-152.901,-297.54,-6.104,13.617,-17.9 35.453,-152.901,-297.54,-6.104,13.617,-17.9 18.145,-71.513,-175.801,-0.145,-29.511,-30.609 18.145,-71.513,-175.801,-0.145,-29.511,-30.609 1.312,-2.085,-5.58,9.063,51.38,6.655 1.312,-2.085,-5.58,9.063,51.38,6.655 11.175,-12.748,-38.443,-3.758,-8.639,-4.092 11.175,-12.748,-38.443,-3.758,-8.639,-4.092 3.925,-20.654,-62.571,-9.363,51.262,-0.629 3.925,-20.654,-62.571,-9.363,51.262,-0.629 4.721,-8.129,-30.578,-0.186,24.779,1.884 4.721,-8.129,-30.578,-0.186,24.779,1.884 3.025,-2.396,-8.416,17.508,-9.347,41.714 3.025,-2.396,-8.416,17.508,-9.347,41.714 17.85,-24.201,-45.841,-8.849,15.373,-13.953
 22.158,-13.672,-6.276,3.235,44.33,6.596 137.274,-70.985,-31.624,13.775,17.39,5.794
 -69.546,-38.368,-86.039,-3.498,34.295,-21.993 -54.086,-43.606,-62.903,-2.316,18.284,-10.684 -54.086,-43.606,-62.903,-2.316,18.284,-10.684 -12.359,-7.624,-10.694,-1.855,51.018,-36.42 -12.359,-7.624,-10.694,-1.855,51.018,-36.42 -41.098,-21.268,-31.745,-27.232,-1.336,-36.327 -41.098,-21.268,-31.745,-27.232,-1.336,-36.327 -197.912,-83.036,-176.341,2.124,23.239,-10.176 -197.912,-83.036,-176.341,2.124,23.239,-10.176 -77.895,-23.177,-91.741,-2.17,17.271,-10.537 -77.895,-23.177,-91.741,-2.17,17.271,-10.537 -25.772,-4.72,-30.098,-2.339,35.588,4.376 -25.772,-4.72,-30.098,-2.339,35.588,4.376 -26.883,-4.463,-30.847,-8.237,35.437,-4.62 -26.883,-4.463,-30.847,-8.237,35.437,-4.62 -117.791,-12.566,-128.702,-12.553,27.973,-13.255 -117.791,-12.566,-128.702,-12.553,27.973,-13.255 -80.117,-9.851,-96.989,-1.418,19.216,-11.189
 -72.95,-16.741,39.03,-3.353,4.167,-2.446 -72.95,-16.741,39.03,-3.353,4.167,-2.446
 -44.032,-5.199,23.842,-14.19,18.271,-15.5 -78.26,-9.055,40.607,-5.3,6.101,-3.218 -78.26,-9.055,40.607,-5.3,6.101,-3.218 -74.225,-8.781,37.797,-3.939,4.167,-2.335 -74.225,-8.781,37.797,-3.939,4.167,-2.335 -68.644,-8.706,33.618,-4.04,7.968,-4.666 -68.644,-8.706,33.618,-4.04,7.968,-4.666 -72.424,-7.711,35.679,-2.506,10.138,-0.624 -72.424,-7.711,35.679,-2.506,10.138,-0.624 -77.947,-7.679,37.941,-2.576,4.483,-2.69 -77.947,-7.679,37.941,-2.576,4.483,-2.69 -74.609,-10.157,34.421,1.146,5.097,-4.754 -74.609,-10.157,34.421,1.146,5.097,-4.754 -54.762,-7.076,24.71,25.611,8.566,-11.511 -54.762,-7.076,24.71,25.611,8.566,-11.511 -69.662,-4.976,31.015,23.656,11.367,-13.362 -69.662,-4.976,31.015,23.656,11.367,-13.362 -86.726,-13.291,36.575,15.568,28.562,5.71 -86.726,-13.291,36.575,15.568,28.562,5.71 -77.085,-13.288,30.125,12.84,33.426,-10.832 -77.085,-13.288,30.125,12.84,33.426,-10.832 -76.807,-10.017,29.572,6.139,-9.616,-15.205 -76.807,-10.017,29.572,6.139,-9.616,-15.205 -103.787,-5.51,38.946,20.31,9.076,-17.881 -103.787,-5.51,38.946,20.31,9.076,-17.881 -96.819,-1.807,38.065,-11.084,-17.741,1.682
 -5.993,57.132,-75.396,-11.143,20.134,-10.258 -5.993,57.132,-75.396,-11.143,20.134,-10.258
 51.822,-7.017,11.843,-13.865,17.17,2.929 101.341,-16.47,22.412,-1.853,11.186,-11.548 101.341,-16.47,22.412,-1.853,11.186,-11.548 96.806,-22.793,16.481,-3.05,4.384,-6.605 96.806,-22.793,16.481,-3.05,4.384,-6.605 25.788,-7.835,4.673,30.046,61.548,7.643 25.788,-7.835,4.673,30.046,61.548,7.643 15.123,-5.009,3.436,7.703,16.416,-38.424 15.123,-5.009,3.436,7.703,16.416,-38.424 57.962,-20.679,11.774,14.776,19.131,-1.888
 131.66,1.048,-6.964,22.537,11.371,-7.662 71.751,-0.415,-4.459,-1.84,-19.251,-24.593 71.751,-0.415,-4.459,-1.84,-19.251,-24.593 126.267,1.08,-13.303,-14.727,28.129,-22.968 126.267,1.08,-13.303,-14.727,28.129,-22.968 42.303,0.985,-4.229,-1.945,-2.462,18.295 42.303,0.985,-4.229,-1.945,-2.462,18.295 131.66,1.048,-6.964,22.537,11.371,-7.662 71.751,-0.415,-4.459,-1.84,-19.251,-24.593 60.393,-12.199,-6.529,-3.449,14.546,-57.182 60.393,-12.199,-6.529,-3.449,14.546,-57.182 106.169,-32.148,-14.761,-4.045,9.519,18.405 106.169,-32.148,-14.761,-4.045,9.519,18.405 80.723,-33.17,-16.455,8.39,-2.633,-12.902 80.723,-33.17,-16.455,8.39,-2.633,-12.902 55.123,-29.793,-15.471,-7.715,18.849,-13.938 55.123,-29.793,-15.471,-7.715,18.849,-13.938 9.349,-6.127,-3.232,-1.012,17.791,-13.973 9.349,-6.127,-3.232,-1.012,17.791,-13.973 37.793,-26.441,-13.805,-1.171,53.016,4.063 37.793,-26.441,-13.805,-1.171,53.016,4.063 208.112,-149.708,-90.613,0.222,18.859,4.509 208.112,-149.708,-90.613,0.222,18.859,4.509 73.033,-49.886,-30.223,33.357,55.744,-2.575 73.033,-49.886,-30.223,33.357,55.744,-2.575 9.349,-6.127,-3.232,-1.012,17.791,-13.973
 101.167,-33.59,46.495,8.236,30.426,-6.694 29.97,-9.449,14.388,23.18,17.642,0.054 75.245,-26.736,44.826,11.097,-4.878,-3.15 53.599,-18.717,33.071,8.474,1.366,-5.014 43.54,-7.552,19.435,12.002,6.342,4.098 48.502,-7.383,21.234,-6.264,50.133,4.046 51.433,-12.878,28.29,2.792,54.442,38.824 29.97,-9.449,14.388,23.18,17.642,0.054 51.433,-12.878,28.29,2.792,54.442,38.824 53.599,-18.717,33.071,8.474,1.366,-5.014 51.433,-12.878,28.29,2.792,54.442,38.824 43.54,-7.552,19.435,12.002,6.342,4.098
 33.345,-28.495,-27.592,5.189,12.99,-4.175 70.944,-54.899,-54.41,3.369,7.868,-5.569
 45.804,-54.871,0.607,-0.726,55.332,-6.952 55.739,-67.414,-1.687,-0.059,12.286,-7.966 55.739,-67.414,-1.687,-0.059,12.286,-7.966 154.602,-189.684,-10.898,3.24,15.989,-17.457 154.602,-189.684,-10.898,3.24,15.989,-17.457 35.947,-46.996,-2.982,1.654,30.329,-5.18
 11.52,21.442,13.493,13.966,0.444,5.102 26.616,51.585,28.917,17.809,13.785,-1.886 26.616,51.585,28.917,17.809,13.785,-1.886 33.188,73.318,38.61,1.7,25.101,3.31 33.188,73.318,38.61,1.7,25.101,3.31 32.686,70.379,40.139,17.276,9.744,-27.63
 -11.659,-25.604,0.505,-0.299,50.256,5.933 -20.105,-49.089,1.838,-2.243,15.351,-18.842
 -27.933,6.833,3.702,5.623,47.358,-5.823 -44.816,11.852,4.955,8.762,9.573,-5.872 -44.816,11.852,4.955,8.762,9.573,-5.872 -100.12,26.565,6.549,-8.209,-4.882,-7.363
 -0.661,3.23,17.901,-2.443,54.649,5.603 -3.419,12.746,57.058,-18.786,-8.135,-29.489 -3.419,12.746,57.058,-18.786,-8.135,-29.489 -9.882,16.32,102.737,-0.456,28.413,-3.73 -9.882,16.32,102.737,-0.456,28.413,-3.73 -7.797,18.577,151.222,-9.84,30.234,9.902 -7.797,18.577,151.222,-9.84,30.234,9.902 4.167,15.645,104.51,-4.63,-14.871,-6.069 4.167,15.645,104.51,-4.63,-14.871,-6.069 0.632,3.832,20.42,4.759,-18.786,-7.906
 215.562,-258.56,-89.915,-5.186,12.876,-30.083 118.138,-140.73,-60.194,-26.602,-0.763,-15.971 118.138,-140.73,-60.194,-26.602,-0.763,-15.971 55.408,-62.536,-32.935,6.291,7.165,-7.928
 -50.954,-30.563,-104.479,-1.853,21.452,-12.274 -905.069,-333.026,-1419.099,-31.265,19.818,18.916
 -84.276,-9.799,-106.474,-0.393,19.967,-7.92 -70.824,-3.604,-91.981,-2.319,23.13,-18.062 -70.824,-3.604,-91.981,-2.319,23.13,-18.062 -80.491,-2.937,-98.485,-5.009,28.502,-10.966
 -38.249,-7.831,-97.161,-14.707,17.459,-40.881 -33.992,-5.564,-90.37,-2.263,18.152,-14.179 -38.249,-7.831,-97.161,-14.707,17.459,-40.881 -35.312,-5.036,-110.651,-2.003,28.57,-3.813 -38.249,-7.831,-97.161,-14.707,17.459,-40.881 -8.154,-2.272,-25.371,0.365,-34.606,-36.024
 -161.94,22.804,8.159,6.429,-14.114,-8.775 -54.226,5.473,-0.784,-1.762,-0.263,11.124 -54.226,5.473,-0.784,-1.762,-0.263,11.124 -150.286,19.575,-7.952,-19.439,-11.654,-12.566
 -100.395,48.38,-203.83,3.716,29.488,-3.949 -68.251,27.566,-136.62,-12.544,19.624,-19.307 -68.251,27.566,-136.62,-12.544,19.624,-19.307 -53.421,18.667,-118.08,-11.69,14.961,-18.96 -53.421,18.667,-118.08,-11.69,14.961,-18.96 -36.799,18.4,-113.273,3.778,21.455,-5.19 -36.799,18.4,-113.273,3.778,21.455,-5.19 -8.981,8.002,-32.547,5.999,29.388,10.9
 -90.283,230.233,40.391,7.056,-3.082,-11.017 -18.21,45.556,7.148,2.409,25.811,-5.771 -18.21,45.556,7.148,2.409,25.811,-5.771 -1.469,3.176,0.32,11.847,2.822,-17.528

 -70.726,-32.938,-105.309,0.34,10.164,-7.141 -0.495,-0.414,-1.157,-7.058,24.214,24.353
 -91.29,-19.226,217.567,-7.16,-9.744,2.99 -11.881,-2.933,26.777,-7.467,-1.318,6.438
 -16.628,21.618,48.637,6.904,48.968,3.525 -7.26,6.403,17.772,9.146,-7.066,-27.407 -7.26,6.403,17.772,9.146,-7.066,-27.407 -28.105,28.946,84.983,-13.339,34.819,-12.95 -8.583,6.495,21.181,-4.686,-11.682,0.14 -27.535,29.175,75.329,18.119,-13.535,-23.257 -27.535,29.175,75.329,18.119,-13.535,-23.257 -92.101,80.182,186.193,11.159,24.722,-43.528
 -164.763,81.158,112.41,5.202,37.266,2.523 -19.827,10.605,15.888,6.787,-11.386,-7.942 -19.827,10.605,15.888,6.787,-11.386,-7.942 -35.687,24.364,30.362,1.381,5.419,-14.762 -35.687,24.364,30.362,1.381,5.419,-14.762 -37.249,22.266,27.524,0.796,11.284,6.7
 -35.892,2.308,5.22,-0.278,-10.169,-4.376 -100.727,6.223,11.551,-59.943,13.876,-81.702 -100.727,6.223,11.551,-59.943,13.876,-81.702 -117.001,-0.446,13.567,8.022,0.17,-17.63 -117.001,-0.446,13.567,8.022,0.17,-17.63 -49.457,-1.124,7.599,32.702,53.03,8.6
 16.489,-66.962,66.471,-2.072,46.651,7.163 84.278,-252.768,216.891,-4.543,6.024,-8.746 84.278,-252.768,216.891,-4.543,6.024,-8.746 61.249,-176.956,147.006,-11.981,24.733,-15.523 61.249,-176.956,147.006,-11.981,24.733,-15.523 51.208,-129.747,102.53,-5.486,23.953,-4.094 51.208,-129.747,102.53,-5.486,23.953,-4.094 7.817,-15.605,11.652,14.764,-24.422,-34.633
 27.447,-13.018,-53.171,1.245,-23.556,-41.962 33.544,-14.354,-78.124,16.468,24.382,-3.295 33.544,-14.354,-78.124,16.468,24.382,-3.295 30.029,-0.35,-58.828,-2.361,27.013,13.23 30.029,-0.35,-58.828,-2.361,27.013,13.23 19.719,2.731,-38.999,-7.586,16.554,-14.771 19.719,2.731,-38.999,-7.586,16.554,-14.771 17.239,3.232,-38.43,6.779,12.16,0.354 17.239,3.232,-38.43,6.779,12.16,0.354 3.641,0.32,-7.793,40.706,73.48,11.777 3.641,0.32,-7.793,40.706,73.48,11.777 45.015,-0.016,-99.129,-6.402,24.944,-14.992
 22.821,-116.526,-85.141,-0.334,8.139,-18.093 22.821,-116.526,-85.141,-0.334,8.139,-18.093
 -17.534,-88.243,67.327,-10.078,24.178,-14.33 -7.832,-41.922,32.478,-6.576,18.483,5.767 -7.832,-41.922,32.478,-6.576,18.483,5.767 -15.173,-94.947,72.84,-18.894,21.57,-7.284
 -1.884,-89.688,276.176,12.06,-3.014,-2.999 -1.884,-89.688,276.176,12.06,-3.014,-2.999
 120.187,-30.035,8.272,2.402,6.813,-5.664 41.496,-7.847,2.422,14.395,152.451,2.794 41.496,-7.847,2.422,14.395,152.451,2.794 51.141,-7.195,5.774,2.998,-31.662,-9.89 51.141,-7.195,5.774,2.998,-31.662,-9.89 13.595,-1.192,1.344,10.365,23.649,-27.733 13.595,-1.192,1.344,10.365,23.649,-27.733 32.792,-0.099,3.947,3.152,23.347,-17.243
 -33.898,-12.157,-15.413,11.634,-9.234,-5.595 -24.639,-15.154,-14.537,-9.016,-13.361,-31.587
 -84.887,-26.745,-8.631,0.641,15.869,-13.661 -139.517,-66.257,-23.642,-0.162,75.074,35.09
 11.165,53.597,-15.911,-6.846,27.648,-12 14.257,58.776,-24.892,-7.601,-5.99,-21.124
 -29.51,-79.72,97.543,-10.87,55.53,-30.86 -28.794,-61.566,71.156,4.043,23.138,2.295 -28.794,-61.566,71.156,4.043,23.138,2.295 -24.327,-46.126,52.029,1.515,21.856,-1.799 -24.327,-46.126,52.029,1.515,21.856,-1.799 -6.187,-9.966,10.73,66.776,44.864,-2.786 -6.187,-9.966,10.73,66.776,44.864,-2.786 -136.797,-179.782,195.227,12.559,-8.184,-16.63 -136.797,-179.782,195.227,12.559,-8.184,-16.63 -18.768,-23.278,22.842,-10.442,29.657,7.476 -18.768,-23.278,22.842,-10.442,29.657,7.476 -20.3,-23.25,20.286,10.667,-10.247,-22.918

 -57.389,-78.369,-84.936,-2.739,12.876,-13.068 -131.224,-158.301,-176.532,-4.894,32.564,-21.879 -131.224,-158.301,-176.532,-4.894,32.564,-21.879 -61.873,-61.422,-78.787,-5.528,8.452,-14.179 -61.873,-61.422,-78.787,-5.528,8.452,-14.179 -60.952,-60.176,-80.247,-2.531,24.132,-15.004 -60.952,-60.176,-80.247,-2.531,24.132,-15.004 -113.806,-122.947,-169.179,-4.901,23.483,-27.842 -113.806,-122.947,-169.179,-4.901,23.483,-27.842 -70.734,-86.328,-110.403,-8.584,13.301,-16.276 -70.734,-86.328,-110.403,-8.584,13.301,-16.276 -44.694,-52.578,-76.305,-10.622,11.405,-21.862 -44.694,-52.578,-76.305,-10.622,11.405,-21.862 -63.982,-66.905,-99.452,-6.364,15.143,-12.924 -63.982,-66.905,-99.452,-6.364,15.143,-12.924 -65.752,-61.121,-85.416,-5.681,14.601,-16.23 -65.752,-61.121,-85.416,-5.681,14.601,-16.23 -73.355,-62.612,-104.837,-2.692,16.48,-14.753
 -25.098,-27.858,-42.737,-23.196,13.361,-26.345 -25.098,-27.858,-42.737,-23.196,13.361,-26.345
 206.762,-96.197,-31.324,-0.822,18.198,0.637 52.202,-25.226,-7.925,1.027,36.144,-4.116

 -78.778,2.438,-52.978,1.035,26.1,1.455 -147.659,2.791,-80.11,-0.784,-1.984,-25.155 -147.659,2.791,-80.11,-0.784,-1.984,-25.155 -24.324,2.957,-13.729,-13.908,4.333,14.087 -24.324,2.957,-13.729,-13.908,4.333,14.087 -109.065,12.956,-66.221,-18.85,20.3,-8.085 -109.065,12.956,-66.221,-18.85,20.3,-8.085 -33.789,3.999,-21.144,13.009,38.648,-4.007 -33.789,3.999,-21.144,13.009,38.648,-4.007 -7.982,0.892,-5.183,1.741,30.365,43.291 -7.982,0.892,-5.183,1.741,30.365,43.291 -115.523,9.999,-80.425,3.374,29.076,-0.518
 -26.81,83.262,-0.461,-2.685,44.546,-4.297 -23.379,110.317,4.75,4.453,12.462,-6.144
 99.783,-76.602,55.06,-4.893,23.761,-5.46 34.833,-28.692,16.251,-44.516,67.715,-12.69 34.833,-28.692,16.251,-44.516,67.715,-12.69 222.447,-149.321,83.703,-8.128,19.273,-20.19 222.447,-149.321,83.703,-8.128,19.273,-20.19 324.443,-214.596,164.708,2.382,18.35,-8.834
 -50.474,-73.403,-31.859,-1.211,24.526,-42.711 -50.474,-73.403,-31.859,-1.211,24.526,-42.711
 -79.899,-14.791,9.699,-2.875,27.689,-4.628 -199.155,-42.202,12.711,-15.025,4.529,-2.05
 -34.153,-14.931,42.903,2.195,38.571,-8.674 -52.117,-18.518,65.177,3.113,16.227,0.376
 -13.68,-16.146,-54.221,-7.969,18.687,-0.334 -2.88,-4.753,-11.112,1.422,23.641,-10.927 -2.88,-4.753,-11.112,1.422,23.641,-10.927 -13.127,-40.805,-111.827,15.32,14.531,-3.888 -13.127,-40.805,-111.827,15.32,14.531,-3.888 -13.68,-16.146,-54.221,-7.969,18.687,-0.334
 -26.765,26.178,90.966,11.191,3.232,7.77 -44.899,41.726,143.517,-12.988,34.777,1.145
 -6.928,6.976,10.936,7.81,35.648,-0.31 -53.668,51.996,80.573,-3.602,30.595,-16.688 -53.668,51.996,80.573,-3.602,30.595,-16.688 -27.815,13.402,28.706,-2.347,38.868,6.015 -27.815,13.402,28.706,-2.347,38.868,6.015 -48.162,21.865,46.795,32.346,14.901,-5.365 -48.162,21.865,46.795,32.346,14.901,-5.365 -103.236,18.911,68.404,19.11,12.281,8.963 -103.236,18.911,68.404,19.11,12.281,8.963 numeric(0),numeric(0),numeric(0),numeric(0),numeric(0),numeric(0)
 -3.099,-25.205,63.283,4.155,67.406,-52.892 -20.839,-49.085,137.256,-5.888,29.534,2.158 -3.099,-25.205,63.283,4.155,67.406,-52.892 -31.876,-88.682,198.364,-5.56,-13.63,-8.565 -3.099,-25.205,63.283,4.155,67.406,-52.892 -12.977,-28.413,81.838,-7.181,2.51,-10.666 -3.099,-25.205,63.283,4.155,67.406,-52.892 -1.774,-6.191,13.896,19.84,6.718,-17.255
 -47.003,11.05,23.069,8.639,12.692,-6.791 -81.227,23.44,38.974,3.639,34.306,-4.369 -81.227,23.44,38.974,3.639,34.306,-4.369 -63.405,22.013,28.75,-2.387,42.82,10.081 -63.405,22.013,28.75,-2.387,42.82,10.081 -50.452,16.781,18.195,-4.622,-25.216,-12.766
 25.852,22.78,-83.667,-4.58,33.756,3.45 13.322,11.138,-43.563,-7.549,18.981,-16.021 13.322,11.138,-43.563,-7.549,18.981,-16.021 12.736,9.064,-40.011,5.661,-8.567,2.707 12.736,9.064,-40.011,5.661,-8.567,2.707 22.617,12.4,-62.726,1.449,28.634,25.487
 9.104,5.191,-19.357,-5.141,28.605,-12.032 7.098,10.544,-27.02,-18.503,50.68,-41.225
 1.64,0.185,-7.294,7.417,80.001,-19.782 7.575,-3.619,-37.905,3.144,-9.129,-18.845 7.575,-3.619,-37.905,3.144,-9.129,-18.845 3.808,-2.63,-20.689,-9.516,14.49,-38.844 3.808,-2.63,-20.689,-9.516,14.49,-38.844 7.305,-7.011,-43.94,-46.366,48.342,-61.601
 -167.944,-567.249,-529.06,-3.285,12.097,-2.927 -167.944,-567.249,-529.06,-3.285,12.097,-2.927
 33.551,-32.286,-16.814,8.378,-20.767,-13.48 118.061,-117.176,-52.545,-20.066,-16.029,-13.615 31.621,-30.021,-13.525,1.776,22.871,-9.485 169.073,-144.46,-72.193,8.781,15.861,0.051 45.617,-37.521,-17.872,14.928,-1.142,-2.207 44.274,-32.488,-20.262,-13.135,9.109,-13.092 110.779,-102.172,-55.427,-12.902,48.085,11.842 36.451,-33.533,-18.574,-20.798,59.594,-15.477
 -14.607,-1.999,-22.801,17.496,-1.236,-36.108 -44.364,-5.172,-88.035,9.133,17.729,6.691 -42.169,-8.91,-73.723,-7.554,18.364,-16.432 -72.217,-4.779,-119.265,-6.63,24.051,-22.683
 30.312,495.538,-313.93,-5.481,59.571,-110.445 30.312,495.538,-313.93,-5.481,59.571,-110.445
 -19.089,-196.852,-28.214,-7.957,23.412,-17.147 -3.858,-47.475,-10.888,-13.943,35.599,-5.292 0.732,-54.417,-7.823,2.812,36.182,-4.731 -10.378,-60.125,-13.914,12.032,-8.538,-0.994 -6.175,-42.635,-9.56,14.196,38.021,-4.668 -28.749,-405.624,-50.503,-6.967,28.883,-17.059
 -119.205,47.248,89.748,1.217,22.181,2.147 -64.69,26.184,44.254,4.899,-9.02,-1.372 -64.69,26.184,44.254,4.899,-9.02,-1.372 -103.021,34.538,64.47,-9.316,15.974,-18.373 -103.021,34.538,64.47,-9.316,15.974,-18.373 -23.042,6.901,16.355,-37.579,-2.055,-23.62
 -5.912,178.859,47.177,-7.862,27.645,-11.643 -11.16,214.016,54.263,-2.531,28.299,-14.355 -11.16,214.016,54.263,-2.531,28.299,-14.355 -10.349,153.589,44.558,-2.821,23.671,-3.122 -10.349,153.589,44.558,-2.821,23.671,-3.122 -10.048,190.847,55.271,-6.536,25.308,-9.387
 21.066,9.568,-35.952,-5.713,16.998,-17.851 48.614,14.952,-73.305,16.182,13.993,-4.672 48.614,14.952,-73.305,16.182,13.993,-4.672 42.391,8.116,-67.652,11.772,4.63,-11.263
 -67.409,163.15,37.543,4.302,-11.806,-19.43 -40.558,81.107,17.246,-1.361,32.384,-5.635 -40.558,81.107,17.246,-1.361,32.384,-5.635 -31.974,52.652,14.355,-3.289,25.466,-13.923 -31.974,52.652,14.355,-3.289,25.466,-13.923 -13.036,20.033,7.604,-0.07,-6.06,-20.437
 25.733,-23.509,6.228,-3.893,13.891,-28.124 13.661,-12.035,3.213,-5.756,10.014,-28.934
 9.134,1043.695,508.025,10.612,12.18,-6.934 -0.785,43.678,18.781,0.064,29.038,-16.893 -0.785,43.678,18.781,0.064,29.038,-16.893 -21.029,1229.417,450.904,-8.041,121.005,27.885 -21.029,1229.417,450.904,-8.041,121.005,27.885 0.199,8.124,3.002,6.426,-11.323,-8.454
 128.746,-84.223,7.218,20.521,-7.37,-1.462 61.852,-43.489,2.962,-33.645,10.423,-31.337
 35.97,-25.298,-0.039,12.56,51.751,2.661 266.088,-182.59,7.24,3.412,-9.613,-12.595
 75.617,-61.84,11.667,6.127,27.427,3.538 210.094,-174.609,35.259,21.465,55.654,-25.724
 -48.835,171.339,34.476,-3.859,20.839,-5.907 -31.833,151.943,21.921,8.124,49.76,-2.302 -31.833,151.943,21.921,8.124,49.76,-2.302 -116.711,807.325,104.973,4.635,14.205,-17.323 -116.711,807.325,104.973,4.635,14.205,-17.323 -3.869,37.174,3.002,2.159,15.104,3.106
 -5.889,-0.115,76.328,31.909,20.866,8.869 -2.578,1.054,21.32,4.462,6.898,4.434 -2.578,1.054,21.32,4.462,6.898,4.434 -3.758,1.562,40.43,2.117,25.903,3.216
 -3.394,46.917,-33.11,-2.532,32.674,6.245 -6.263,190.635,-145.056,-1.623,35.868,-27.131
 -40.804,2.487,45.051,14.572,39.068,-1.111 -40.804,2.487,45.051,14.572,39.068,-1.111
 -27.066,-12.837,63.725,8.029,-16.625,-9.693 -27.066,-12.837,63.725,8.029,-16.625,-9.693
 -66.84,3.507,24.651,1.731,49.163,-1.144 -66.84,3.507,24.651,1.731,49.163,-1.144
 -29.971,6.691,30.175,1.691,12.717,-6.847 -29.971,6.691,30.175,1.691,12.717,-6.847
 18.788,-7.659,24.424,-1.575,22.95,-8.052 469.475,-207.757,600.602,-14.843,-15.033,-27.802 469.475,-207.757,600.602,-14.843,-15.033,-27.802 238.991,-156.997,332.555,3.827,11.113,-13.329 238.991,-156.997,332.555,3.827,11.113,-13.329 273.367,-187.714,412.288,6.72,11.359,-9.551 273.367,-187.714,412.288,6.72,11.359,-9.551 56.253,-48.456,102.181,-6.639,35.489,1.258 56.253,-48.456,102.181,-6.639,35.489,1.258 322.601,-228.075,619.892,2.365,-17.168,-17.034 322.601,-228.075,619.892,2.365,-17.168,-17.034 515.35,-313.073,914.877,-7.592,-18.634,-20.065 515.35,-313.073,914.877,-7.592,-18.634,-20.065 12.783,-6.301,21.983,20.807,55.714,2.203 12.783,-6.301,21.983,20.807,55.714,2.203 28.965,-12.963,40.954,25.519,-15.17,-36.791 28.965,-12.963,40.954,25.519,-15.17,-36.791 238.725,-1.036,350.692,-1.024,17.402,-14.978 238.725,-1.036,350.692,-1.024,17.402,-14.978 567.209,-13.902,890.587,-17.068,-23.112,-54.887 567.209,-13.902,890.587,-17.068,-23.112,-54.887 27.659,-1.564,45.478,-22.127,16.517,-10.222 27.659,-1.564,45.478,-22.127,16.517,-10.222 105.884,-13.925,174.609,-8.098,18.638,-8.842 105.884,-13.925,174.609,-8.098,18.638,-8.842 31.155,-11.745,41.926,21.1,-22.223,-7.572 31.155,-11.745,41.926,21.1,-22.223,-7.572 36.097,-8.969,44.409,-45.014,58.109,2.839 36.097,-8.969,44.409,-45.014,58.109,2.839 15.804,-3.32,18.845,0.834,10.637,15.704 15.804,-3.32,18.845,0.834,10.637,15.704 113.186,-21.109,132.522,-3.841,29.312,-2.648 113.186,-21.109,132.522,-3.841,29.312,-2.648 17.773,-1.746,18.792,43.976,15.39,-30.782 17.773,-1.746,18.792,43.976,15.39,-30.782 420.8,-25.674,443.019,0.628,24.492,-30.947 420.8,-25.674,443.019,0.628,24.492,-30.947 36.723,-3.147,36.011,-1.512,19.743,-9.611 36.723,-3.147,36.011,-1.512,19.743,-9.611 112.705,-10.784,106.574,5.962,19.543,2.573
 120.006,145.836,98.767,4.979,15.495,-8.49 120.006,145.836,98.767,4.979,15.495,-8.49
 -0.531,-18.798,28.818,15.984,24.548,-14.739 -2.063,-16.964,24.563,22.266,13.487,-8.307 -2.063,-16.964,24.563,22.266,13.487,-8.307 -8.82,-67.986,88.706,-6.311,17.968,-12.134 -8.82,-67.986,88.706,-6.311,17.968,-12.134 -0.436,-29.451,37.014,-1.712,13.417,-25.128 -0.436,-29.451,37.014,-1.712,13.417,-25.128 -9.539,-106.172,110.412,-3.605,16.206,-12.528
 8.558,-55.27,-8.103,-1.161,-24.027,-88.409 11.188,-59.963,-9.718,-5.646,41.917,7.09 11.188,-59.963,-9.718,-5.646,41.917,7.09 32.713,-170.194,-25.207,15.954,12.794,5.241 32.713,-170.194,-25.207,15.954,12.794,5.241 41.955,-200.937,-17.049,-13.747,27.754,-13.576 41.955,-200.937,-17.049,-13.747,27.754,-13.576 15.925,-62.636,-6.618,-4.607,95.069,-3.214 15.925,-62.636,-6.618,-4.607,95.069,-3.214 11.675,-42.328,-4.413,-16.732,41.661,-3.87 11.675,-42.328,-4.413,-16.732,41.661,-3.87 11.077,-37.246,-3.319,-7.198,11.802,-15.452 11.077,-37.246,-3.319,-7.198,11.802,-15.452 26.896,-92.334,-6.778,3.164,26.683,-10.435 26.896,-92.334,-6.778,3.164,26.683,-10.435 41.423,-147.099,-9.88,-2.543,39.377,7.573
 84.158,7.151,-13.111,16.938,-4.502,-17.596 34.756,10.724,-6.533,-3.134,38.618,-26.252 34.756,10.724,-6.533,-3.134,38.618,-26.252 32.242,12.38,-4.967,15.809,-7.817,-36.29 32.242,12.38,-4.967,15.809,-7.817,-36.29 62.659,33.127,-12.925,-0.424,14.758,-14.396 62.659,33.127,-12.925,-0.424,14.758,-14.396 3.154,1.54,-1.002,2.026,-32.165,18.878 3.154,1.54,-1.002,2.026,-32.165,18.878 170.028,97.938,-74.632,-11.881,14.778,17.997
 37.165,58.082,44.936,-0.391,-13.75,-7.546 37.165,58.082,44.936,-0.391,-13.75,-7.546
 3.548,-10.83,27.735,11.956,6.698,28.114 0.784,-1.84,5.396,36.304,-43.528,9.955 0.784,-1.84,5.396,36.304,-43.528,9.955 7.179,-14.064,44.025,14.098,14.759,5.603 7.179,-14.064,44.025,14.098,14.759,5.603 25.625,-43.15,123.428,-7.522,32.241,2.447 25.625,-43.15,123.428,-7.522,32.241,2.447 42.592,-72.686,179.201,4.833,8.986,-37.612 42.592,-72.686,179.201,4.833,8.986,-37.612 9.941,-27.066,63.904,-3.874,24.609,-20.964
 126.232,116.378,253.546,-4.55,28.078,-11.83 30.697,32.01,59.95,1.932,2.27,1.531 30.697,32.01,59.95,1.932,2.27,1.531 62.885,77.881,118.709,-5.423,21.534,-13.871 62.885,77.881,118.709,-5.423,21.534,-13.871 65.512,90.575,124.991,-5.589,22.722,-14.878 65.512,90.575,124.991,-5.589,22.722,-14.878 59.861,87.855,117.193,-0.142,31.536,-18.168 59.861,87.855,117.193,-0.142,31.536,-18.168 49.277,93.325,116.034,-5.551,23.833,-15.46 49.277,93.325,116.034,-5.551,23.833,-15.46 74.593,151.09,189.849,6.393,30.719,3.608 74.593,151.09,189.849,6.393,30.719,3.608 21.705,46.136,60.868,-12.7,27.049,-11.791 21.705,46.136,60.868,-12.7,27.049,-11.791 25.891,53.509,80.663,6.769,-4.539,-2.888
 -40.662,-26.423,129.236,-27.236,2.992,-35.689 -6.433,-7.312,23.335,3.496,-36.271,-62.503 -6.433,-7.312,23.335,3.496,-36.271,-62.503 -22.211,-33.77,77.976,4.278,-23.622,-17.454 -23.913,-47.146,125.416,-16.462,-16.012,-17.464 -29.579,-28.961,92.683,-18.253,35.638,12.977 -29.579,-28.961,92.683,-18.253,35.638,12.977 -58.256,-51.474,238.776,-4.65,44.214,3.928
 76.368,45.841,81.132,-3.501,26.595,-29.551 105.429,51.228,143.153,-0.396,23.906,-6.971 105.429,51.228,143.153,-0.396,23.906,-6.971 32.425,14.775,40.457,22.496,27.936,-6.911 32.425,14.775,40.457,22.496,27.936,-6.911 64.308,26.671,74.677,6.672,2.27,-22.718 64.308,26.671,74.677,6.672,2.27,-22.718 52.474,24.288,56.597,3.49,-4.046,6.071 52.474,24.288,56.597,3.49,-4.046,6.071 9.221,4.144,8.914,-0.447,-12.242,-37.31 9.221,4.144,8.914,-0.447,-12.242,-37.31 150.121,70.466,142.024,-2.635,17.823,-27.581 150.121,70.466,142.024,-2.635,17.823,-27.581 69.866,38.789,60.77,-2.367,98.441,41.684 69.866,38.789,60.77,-2.367,98.441,41.684 26.91,17.068,22.302,-4.281,29.77,-0.177 26.91,17.068,22.302,-4.281,29.77,-0.177 24.513,16.74,19.907,3.289,11.53,-4.566 24.513,16.74,19.907,3.289,11.53,-4.566 7.369,5.02,6.065,-31.802,49.57,-14.124 7.369,5.02,6.065,-31.802,49.57,-14.124 76.368,45.841,81.132,-3.501,26.595,-29.551
 37.988,-58.886,-1.005,-4.689,29.076,1.914 69.455,-115.153,-1.665,-1.623,-1.557,-75.305 69.455,-115.153,-1.665,-1.623,-1.557,-75.305 76.741,-140.247,0.764,1.327,60.185,-10.682 76.741,-140.247,0.764,1.327,60.185,-10.682 128.345,-240.186,4.78,15.314,-4.302,-10.553
 -35.332,-49.09,-32.342,9.691,20.845,10.791 -56.468,-79.647,-55.865,-7.054,10.425,-13.773
 42.288,-12.136,-28.071,-3.849,4.095,12.66 42.288,-12.136,-28.071,-3.849,4.095,12.66
 12.429,49.025,20.014,-6.373,45.569,5.503 10.687,34.619,12.362,-3.327,39.868,5.809 10.687,34.619,12.362,-3.327,39.868,5.809 30.439,134.087,49.665,-2.994,9.179,-7.576 30.439,134.087,49.665,-2.994,9.179,-7.576 11.689,65.09,26.848,0.88,26.285,-16.849 11.689,65.09,26.848,0.88,26.285,-16.849 12.429,49.025,20.014,-6.373,45.569,5.503
 11.167,-12.939,39.606,-8.176,17.421,-25.206 15.896,-23.976,61.036,-35.01,28.904,-57.798 15.896,-23.976,61.036,-35.01,28.904,-57.798 11.538,-15.094,37.279,6.589,6.077,-7.435 11.538,-15.094,37.279,6.589,6.077,-7.435 4.445,-5.056,12.576,-54.875,71.23,-50.421 4.445,-5.056,12.576,-54.875,71.23,-50.421 5.276,-4.483,13.349,0.557,13.55,-8.624 5.276,-4.483,13.349,0.557,13.55,-8.624 11.662,-6.478,28.13,2.605,34.44,0.211 11.662,-6.478,28.13,2.605,34.44,0.211 398.957,-171.223,936.672,5.634,-5.544,-19.946 398.957,-171.223,936.672,5.634,-5.544,-19.946 14.098,-4.467,33.531,10.86,-15.459,-19.74 14.098,-4.467,33.531,10.86,-15.459,-19.74 22.465,-4.1,56.839,-6.429,17.195,-15.715
 -305.767,372.102,-448.942,3.098,47.721,9.759 -34.441,39.481,-48.26,3.999,7.63,6.089 -34.441,39.481,-48.26,3.999,7.63,6.089 -119.87,127.648,-140.409,-16.558,24.096,1.83 -119.87,127.648,-140.409,-16.558,24.096,1.83 -66.942,79.706,-73.721,7.101,-17.556,-2.937 -66.942,79.706,-73.721,7.101,-17.556,-2.937 -133.35,153.954,-133.213,0.385,25.306,1.456 -133.35,153.954,-133.213,0.385,25.306,1.456 -38.12,41.407,-29.561,6.239,52.62,11.896 -38.12,41.407,-29.561,6.239,52.62,11.896 -46.538,48.391,-35.221,-12.89,-29.631,-34.442
 12.392,126.638,49.207,0.688,22.904,-3.668 12.392,126.638,49.207,0.688,22.904,-3.668
 4.771,-2.4,78.497,-4.56,23.716,5.012 4.771,-2.4,78.497,-4.56,23.716,5.012
 167.487,950.24,649.798,2.724,7.071,-17.699 18.021,126.814,87.953,6.57,40.734,-6.46 167.487,950.24,649.798,2.724,7.071,-17.699 19.21,123.561,95.554,-1.223,-10.605,-18.435 167.487,950.24,649.798,2.724,7.071,-17.699 7.41,35.96,29.189,9.403,25.076,0.465 167.487,950.24,649.798,2.724,7.071,-17.699 13.547,68.74,44.958,7.643,-12.765,-1.302
 121.251,29.274,-19.178,37.981,19.474,-35.567 152.509,38.042,-31.313,-20.338,-26.809,-0.574 152.509,38.042,-31.313,-20.338,-26.809,-0.574 30.948,6.223,-7.219,-15.686,-8.416,-28.463 30.948,6.223,-7.219,-15.686,-8.416,-28.463 63.775,12.451,-12.172,-6.018,-4.152,-34.835
 22.419,-46.731,-14.984,-3.426,46.463,9.926 27.74,-55.419,-22.265,-31.232,-28.132,-34.048
 -88.663,82.682,-114.775,-2.714,27.647,-4.168 -88.663,82.682,-114.775,-2.714,27.647,-4.168
 -20.68,-45.429,29.864,-7.77,47.736,10.414 -3.073,-8.593,5.615,1.158,73.019,-21.963 -3.073,-8.593,5.615,1.158,73.019,-21.963 -11.181,-41.939,26.004,-4.659,26.85,-7.343 -11.181,-41.939,26.004,-4.659,26.85,-7.343 -20.824,-79.955,54.828,4.213,10.835,-7.517 -20.824,-79.955,54.828,4.213,10.835,-7.517 -48.807,-193.963,142.213,29.247,-23.954,-51.651 -48.807,-193.963,142.213,29.247,-23.954,-51.651 -45.14,-239.617,158.952,-3.355,14.224,-17.965 -45.14,-239.617,158.952,-3.355,14.224,-17.965 -5.901,-57.63,34.514,10.337,7.596,-7.554 -5.901,-57.63,34.514,10.337,7.596,-7.554 -3.174,-194.108,147.626,3.845,26.116,-10.185
 -15.405,-76.124,-39.547,3.501,7.643,-27.194 -1.03,-5.222,-2.665,-11.038,16.736,-29.112 -1.03,-5.222,-2.665,-11.038,16.736,-29.112 -19.993,-119.504,-56.499,-4.182,8.957,-12.733 -19.993,-119.504,-56.499,-4.182,8.957,-12.733 -3.332,-22.547,-10.231,5.247,37.079,1.566
 16.866,38.521,17.161,-8.758,40.32,2.794 11.567,24.05,10.02,11.511,11.347,-2.874
 47.675,110.444,31.59,18.525,29.821,-9.374 16.402,41.558,11.841,-6.311,45.532,5.074 47.675,110.444,31.59,18.525,29.821,-9.374 18.662,40.003,11.035,-6.138,45.704,5.52 18.662,40.003,11.035,-6.138,45.704,5.52 18.216,43.354,10.898,-9.203,39.572,4.129 18.216,43.354,10.898,-9.203,39.572,4.129 16.067,43.064,10.199,-5.664,49.772,6.502 16.067,43.064,10.199,-5.664,49.772,6.502 40.479,111.301,25.601,8.227,22.524,-2.071 40.479,111.301,25.601,8.227,22.524,-2.071 16.96,43.985,8.449,1.516,32.259,-6.599 16.96,43.985,8.449,1.516,32.259,-6.599 48.755,109.33,19.948,9.694,-7.954,-4.431
 28.278,-25.254,22.09,17.228,-13.469,-3.685 122.733,-104.9,112.618,6.965,8.728,7.531 122.733,-104.9,112.618,6.965,8.728,7.531 12.034,-10.573,12.536,-19.513,42.27,16.901 12.034,-10.573,12.536,-19.513,42.27,16.901 60.356,-61.863,75.575,-5.407,12.175,-28.252 60.356,-61.863,75.575,-5.407,12.175,-28.252 197.251,-232.113,307.601,-1.302,6.476,-1.315 197.251,-232.113,307.601,-1.302,6.476,-1.315 73.422,-111.668,142.394,1.26,20.995,-19.842 73.422,-111.668,142.394,1.26,20.995,-19.842 14.752,-29.922,33.513,-1.144,23.545,-6.694 14.752,-29.922,33.513,-1.144,23.545,-6.694 249.318,-348.796,363.041,2.645,7.428,-7.06 249.318,-348.796,363.041,2.645,7.428,-7.06 12.263,-13.835,12.456,9.233,46.323,22.854 12.263,-13.835,12.456,9.233,46.323,22.854 28.278,-25.254,22.09,17.228,-13.469,-3.685
 73.718,5.508,59.185,7.459,-21.955,-5.648 39.346,3.636,30.837,12.081,14.893,-1.248 39.346,3.636,30.837,12.081,14.893,-1.248 34.33,2.751,25.751,-0.981,-13.415,-12.279
 -0.494,2.477,-0.758,9.317,-11.805,-11.941 -0.494,2.477,-0.758,9.317,-11.805,-11.941
 -52.595,15.585,51.495,-7.806,-14.067,-8.327 -50.299,6.83,41.602,6.01,16.045,1.913 -10.205,2.76,9.006,-0.538,21.754,10.053 -37.321,4.827,35.305,38.971,7.149,-7.985 -79.868,21.087,67.4,-1.197,38.466,-8.682 -121.751,19.923,117.003,-1.738,29.328,-5.713
 44.199,-31.599,-7.495,-0.256,36.904,-3.424 195.927,-130.909,-37.669,4.293,15.413,-1.378 195.927,-130.909,-37.669,4.293,15.413,-1.378 237.337,-156.687,-46.449,31.56,9.21,6.994 237.337,-156.687,-46.449,31.56,9.21,6.994 68.089,-44.839,-16.388,7.578,8.701,-4.098 68.089,-44.839,-16.388,7.578,8.701,-4.098 52.213,-34.33,-12.938,3.928,9.947,-40.055 52.213,-34.33,-12.938,3.928,9.947,-40.055 35.968,-29.076,-10.574,19.017,10.447,0.066 35.968,-29.076,-10.574,19.017,10.447,0.066 157.119,-136.886,-56.506,-10.778,41.722,14.157 157.119,-136.886,-56.506,-10.778,41.722,14.157 123.37,-122.15,-41.777,11.796,-10.57,0.495 123.37,-122.15,-41.777,11.796,-10.57,0.495 60.402,-60.447,-19.81,-8.348,-8.512,0.519 60.402,-60.447,-19.81,-8.348,-8.512,0.519 35.93,-33.041,-9.817,6.194,24.322,-1.336 35.93,-33.041,-9.817,6.194,24.322,-1.336 302.906,-262.625,-65.038,6.462,-9.672,5.102 302.906,-262.625,-65.038,6.462,-9.672,5.102 166.16,-135.834,-35.219,-9.593,-31.386,-32.471 166.16,-135.834,-35.219,-9.593,-31.386,-32.471 70.634,-56.58,-15.549,-21.37,26.404,-69.142
 -47.061,9.08,82.826,7.209,9.263,-2.696 -60.455,9.048,90.118,29.337,32.983,8.744 -60.455,9.048,90.118,29.337,32.983,8.744 -51.556,0.906,78.196,-10.154,-3.73,13.505 -51.556,0.906,78.196,-10.154,-3.73,13.505 -89.85,1.22,165.837,-42.946,27.186,-2.895 -89.85,1.22,165.837,-42.946,27.186,-2.895 -47.061,9.08,82.826,7.209,9.263,-2.696
 60.92,80.022,23.102,1.892,17.668,3.792 68.081,89.052,22.473,4.574,-5.738,-9.447 68.081,89.052,22.473,4.574,-5.738,-9.447 39.078,49.645,10.837,-12.809,10.066,-11.755 39.078,49.645,10.837,-12.809,10.066,-11.755 55.2,68.663,13.999,14.816,-31.683,-36.836
 -30.542,-9.932,-9.33,28.069,-7.071,-40.44 -74.275,-29.803,-22.909,-8.391,48.323,11.31
 396.615,-218.95,-260.682,24.347,-5.659,-6.187 70.778,-46.08,-50.543,1.406,-20.14,-6.933 70.778,-46.08,-50.543,1.406,-20.14,-6.933 45.454,-30.386,-35.542,-6.458,15.907,-25.529 45.454,-30.386,-35.542,-6.458,15.907,-25.529 30.873,-16.349,-22.677,13.548,10.71,-11.316 30.873,-16.349,-22.677,13.548,10.71,-11.316 13.805,-7.175,-9.931,5.643,39.355,9.787 13.805,-7.175,-9.931,5.643,39.355,9.787 396.615,-218.95,-260.682,24.347,-5.659,-6.187
 -23.995,-15.801,36.494,17.607,-5.431,-16.229 -15.267,-10.314,23.053,6.056,29.293,-6.823 -15.267,-10.314,23.053,6.056,29.293,-6.823 -7.208,-5.295,11.386,-21.542,4.272,-25.528
 53.343,54.414,5.448,-13.676,-20.061,-30.304 72.298,87.017,7.268,-17.624,25.176,-12.61 72.298,87.017,7.268,-17.624,25.176,-12.61 95.543,95.306,21.151,14.579,22.21,-6.663 95.543,95.306,21.151,14.579,22.21,-6.663 19.693,17.262,4.671,-0.612,46.188,0.068 19.693,17.262,4.671,-0.612,46.188,0.068 97.102,63.663,18.072,5.738,-13.71,-8.541 97.102,63.663,18.072,5.738,-13.71,-8.541 46.746,35.276,8.71,2.108,16.26,-2.396 46.746,35.276,8.71,2.108,16.26,-2.396 95.643,77.363,12.047,14.136,-9.355,-12.573 95.643,77.363,12.047,14.136,-9.355,-12.573 18.44,15.931,1.378,7.941,-15.529,-17.07 18.44,15.931,1.378,7.941,-15.529,-17.07 149.571,124.93,1.117,2.245,17.613,-2.422 149.571,124.93,1.117,2.245,17.613,-2.422 64.696,50.617,-1.484,0.42,-11.178,-11.952 64.696,50.617,-1.484,0.42,-11.178,-11.952 63.469,45.359,-1.205,20.098,5.81,-17.65 63.469,45.359,-1.205,20.098,5.81,-17.65 97.386,63,-3.697,26.378,9.746,-18.444 97.386,63,-3.697,26.378,9.746,-18.444 33.19,21.717,-1.658,-44.076,55.363,-13.49
 -27.963,-43.733,-3.111,-15.311,20.933,-6.206 -27.963,-43.733,-3.111,-15.311,20.933,-6.206
 -124.3,195.993,-251.832,-10.903,35.167,-14.845 -1026.739,1216.853,-1686.517,17.332,83.869,15.581 -1026.739,1216.853,-1686.517,17.332,83.869,15.581 -9.394,10.74,-20.159,3.179,-8.752,-8.84 -9.394,10.74,-20.159,3.179,-8.752,-8.84 -77.658,63.951,-143.73,-9.983,19.77,-12.663 -77.658,63.951,-143.73,-9.983,19.77,-12.663 -29.641,22.494,-57.374,11.191,4.78,12.779
 -59.938,-35.182,1.874,4.871,-3.759,-7.182 -55.471,-24.158,3.869,15.7,-7.125,-7.435
 74.441,-66.273,-52.148,-13.542,82.679,-33.81 103.026,-110.655,-76.767,-0.344,-10.266,-5.542 74.441,-66.273,-52.148,-13.542,82.679,-33.81 93.509,-87.866,-59.85,-0.24,-24.292,-40.413 93.509,-87.866,-59.85,-0.24,-24.292,-40.413 8.799,-9.937,-6.266,9.705,-16.354,-20.871 103.026,-110.655,-76.767,-0.344,-10.266,-5.542 8.799,-9.937,-6.266,9.705,-16.354,-20.871
 -160.462,83.42,-26.732,-2.319,29.052,-4.843 -55.987,26.815,-8.801,6.317,49.779,-1.236
 -42.996,-22.725,102.99,2.554,0.465,-10.996 -42.996,-22.725,102.99,2.554,0.465,-10.996
 57.69,70.454,34.485,20.304,-11.064,-5.715 51.762,58.972,30.19,62.523,55.357,0.369 51.762,58.972,30.19,62.523,55.357,0.369 32.83,36.343,17.562,-12.054,43.543,6.49 51.762,58.972,30.19,62.523,55.357,0.369 39.973,51.367,27.366,36.046,46.775,-15.182
 79.394,47.936,-52.038,16.189,10.863,-4.122 102.356,81.305,-70.185,12.085,-1.799,-5.598 102.356,81.305,-70.185,12.085,-1.799,-5.598 33.072,30.064,-28.37,11.76,40.182,24.569
 10.788,-28.394,-30.162,18.394,4.845,-17.369 24.214,-64.217,-67.346,-2.179,15.222,0.407 24.214,-64.217,-67.346,-2.179,15.222,0.407 15.003,-39.142,-35.949,0.175,22.796,-23.212
 26.492,11.143,-33.147,6.928,34.127,26.275 9.697,5.373,-13.991,-14.871,57.665,19.875 9.697,5.373,-13.991,-14.871,57.665,19.875 23.756,16.101,-36.094,-9.315,17.974,-10.889 23.756,16.101,-36.094,-9.315,17.974,-10.889 86.901,64.883,-119.202,6.915,23.497,-28.039 86.901,64.883,-119.202,6.915,23.497,-28.039 20.045,16.79,-24.29,-1.227,19.3,-14.119 20.045,16.79,-24.29,-1.227,19.3,-14.119 27.296,26.885,-32.497,17.787,0.045,-3.574 27.296,26.885,-32.497,17.787,0.045,-3.574 24.172,35.446,-32.699,18.033,-14.98,-20.919 24.172,35.446,-32.699,18.033,-14.98,-20.919 21.799,33.76,-30.97,-9.298,19.221,-11.803 21.799,33.76,-30.97,-9.298,19.221,-11.803 28.005,43.729,-38.006,8.063,-15.363,-15.121 28.005,43.729,-38.006,8.063,-15.363,-15.121 19.462,40.754,-30.232,-8.35,19.697,-11.181 19.462,40.754,-30.232,-8.35,19.697,-11.181 30.61,68.78,-50.812,-15.292,43.758,7.119 30.61,68.78,-50.812,-15.292,43.758,7.119 20.075,51.992,-32.911,12.201,-10.501,-1.28 20.075,51.992,-32.911,12.201,-10.501,-1.28 12.289,31.003,-19.074,16.89,-14.098,-53.144
 30.76,52.236,-14.563,11.28,54.398,-46.478 79.523,120.309,-30.921,-2.771,66.295,31.396 79.523,120.309,-30.921,-2.771,66.295,31.396 5.007,7.37,-1.533,3.458,-1.904,32.214 5.007,7.37,-1.533,3.458,-1.904,32.214 1.899,2.541,-0.529,21.93,4.48,-2.507 1.899,2.541,-0.529,21.93,4.48,-2.507 23.685,27.206,-5.597,-1.413,-2.361,8.63 23.685,27.206,-5.597,-1.413,-2.361,8.63 29.293,28.393,-6.387,-29.606,-7.379,-39.282 29.293,28.393,-6.387,-29.606,-7.379,-39.282 87.167,75.855,-28.508,11.69,3.895,-16.516 87.167,75.855,-28.508,11.69,3.895,-16.516 10.171,8.927,-4.547,7.279,35.076,-6.174 10.171,8.927,-4.547,7.279,35.076,-6.174 39.279,36.322,-20.541,-0.165,-14.582,-0.992 39.279,36.322,-20.541,-0.165,-14.582,-0.992 17.349,17.715,-10.845,5.282,-21.716,-2.567 17.349,17.715,-10.845,5.282,-21.716,-2.567 56.38,66.905,-34.92,10.605,49.157,-1.999 56.38,66.905,-34.92,10.605,49.157,-1.999 54.323,73.271,-36.174,-11.795,19.038,-17.128 54.323,73.271,-36.174,-11.795,19.038,-17.128 8.889,13.539,-6.958,5.077,-16.606,-43.303 8.889,13.539,-6.958,5.077,-16.606,-43.303 39.864,61.187,-32.323,3.316,37.836,5.254 39.864,61.187,-32.323,3.316,37.836,5.254 47.799,77.781,-41.821,34.111,82.966,-44.007 47.799,77.781,-41.821,34.111,82.966,-44.007 45.817,79.297,-40.806,7.737,24.588,-2.5
 -19.451,-874.055,-405.584,1.377,-77.71,-47.257 -23.024,-430.699,-178.46,-2.13,23.368,-8.918 -23.024,-430.699,-178.46,-2.13,23.368,-8.918 -1.152,-15.913,-6.344,-8.493,-7.692,-7.202 -1.152,-15.913,-6.344,-8.493,-7.692,-7.202 -10.632,-114.328,-46.187,-19.523,5.106,-7.34 -10.632,-114.328,-46.187,-19.523,5.106,-7.34 -25.097,-232.045,-94.507,1.037,21.186,-4.141 -25.097,-232.045,-94.507,1.037,21.186,-4.141 -14.292,-113.998,-51.063,2.644,16.972,-9.084 -14.292,-113.998,-51.063,2.644,16.972,-9.084 -15.372,-124.033,-61.688,-1.04,7.034,-14.111 -15.372,-124.033,-61.688,-1.04,7.034,-14.111 -17.099,-314.725,-166.397,-7.303,19.679,-9.997
 8.893,-10.358,104.135,2.963,19.136,-16.4 20.178,-19.234,132.589,-6.886,23.982,-11.823 20.178,-19.234,132.589,-6.886,23.982,-11.823 18.863,-32.8,157.378,-4.048,-34.7,-78.057 18.863,-32.8,157.378,-4.048,-34.7,-78.057 1.891,-6.074,26.621,10.711,-11.539,-7.265 1.891,-6.074,26.621,10.711,-11.539,-7.265 0.002,-7.74,43.898,10.226,26.751,8.778
 -17.754,46.569,23.294,13.351,13.792,-4.572 -5.888,16.151,6.94,6.318,-12.526,-6.36 -5.888,16.151,6.94,6.318,-12.526,-6.36 -69.732,249.696,116.596,11.233,-4.885,-4.054
 3.496,-33.687,13.526,29.673,41.573,-60.513 4.393,-166.892,68.195,-11.16,15.999,-13.016
 37.143,0.404,5.542,12.214,-16.58,-6.66 221.299,24.919,30.075,-17.293,40.043,-50.142
 442.059,-202.582,105.181,12.476,10.393,14.885 205.084,-85.859,35.727,-3.396,61.219,-25.598
 27.584,5.31,-9.12,7.649,34.662,0.249 27.584,5.31,-9.12,7.649,34.662,0.249
 -29.763,40.057,-3.479,-8.814,25.492,-19.327 -185.91,214.482,-36.027,-3.935,32.313,-5.301 -185.91,214.482,-36.027,-3.935,32.313,-5.301 -88.516,97.14,-7.907,-11.105,30.855,-16.063 -88.516,97.14,-7.907,-11.105,30.855,-16.063 -85.744,95.858,-4.26,13.251,14.603,1.462
 39.729,23.413,2.226,4.049,10.843,0.342 48.236,26.069,3.054,23.115,19.502,7.88 48.236,26.069,3.054,23.115,19.502,7.88 100.757,47.752,10.712,5.686,-11.01,1.91 100.757,47.752,10.712,5.686,-11.01,1.91 98.543,40.911,11.485,-23.058,150.834,-19.495 98.543,40.911,11.485,-23.058,150.834,-19.495 38.448,12.814,5.39,1.005,29.486,-9.006 38.448,12.814,5.39,1.005,29.486,-9.006 53.54,15.086,7.709,11.735,-18.643,7.779 53.54,15.086,7.709,11.735,-18.643,7.779 89.243,19.247,12.157,26.29,42.292,-17.515
 8.6,0.345,14.41,16.438,42.335,2.34 423.08,61.343,836.561,4.303,14.691,-5.5 423.08,61.343,836.561,4.303,14.691,-5.5 3.098,0.674,5.038,10.807,33.748,-1.473 3.098,0.674,5.038,10.807,33.748,-1.473 38.521,6.88,59.204,3.652,17.441,-9.198 38.521,6.88,59.204,3.652,17.441,-9.198 66.53,9.283,94.252,-3.436,22.112,-14.488

 -15.505,9.784,30.56,-3.793,61.213,9.964 -77.667,48.482,126.314,17.365,-7.17,-1.392 -77.667,48.482,126.314,17.365,-7.17,-1.392 -6.694,5.005,10.575,7.134,70.223,-9.218 -6.694,5.005,10.575,7.134,70.223,-9.218 -13.05,12.077,22.437,10.1,16.013,-2.872 -13.05,12.077,22.437,10.1,16.013,-2.872 -15.898,13.797,28.997,8.551,-18.409,-8.054
 31.348,111.139,75.467,3.415,21.303,0.111 1.713,8.954,9.44,1.873,34.804,-2.49 1.713,8.954,9.44,1.873,34.804,-2.49 0.036,17.601,17.569,6.622,-13.671,-13.779 0.036,17.601,17.569,6.622,-13.671,-13.779 0.049,40.426,30.699,-10.086,34.617,4.037 0.049,40.426,30.699,-10.086,34.617,4.037 5.282,35.65,19.655,-0.944,24.538,-25.455
 29.745,31.381,231.454,15.861,-40.903,-37.386 6.239,3.79,32.343,-9.996,19.472,-27.008 29.745,31.381,231.454,15.861,-40.903,-37.386 14.726,13.236,131.676,30.464,43.319,10.441 29.745,31.381,231.454,15.861,-40.903,-37.386 11.065,13.225,79.316,-2.635,35.767,-1.503 29.745,31.381,231.454,15.861,-40.903,-37.386 8.685,16.691,114.884,5.208,-3.823,4.215
 -10.634,0.508,2.768,-0.057,26.054,-5.792 -59.474,2.793,17.346,-2.302,-11.076,-16.212 -10.634,0.508,2.768,-0.057,26.054,-5.792 -174.892,11.317,44.553,4.099,51.637,2.974 -10.634,0.508,2.768,-0.057,26.054,-5.792 -146.096,2.757,40.927,20.764,-7.644,-3.226 -10.634,0.508,2.768,-0.057,26.054,-5.792 -54.234,2.149,11.813,-3.528,36.224,8.294
 -11.225,47.866,33.114,-7.544,34.268,7.642 -31.691,98.796,60.496,6.671,36.475,-12.911 -31.691,98.796,60.496,6.671,36.475,-12.911 -13.456,34.281,19.415,16.975,22.683,-11.132 -13.456,34.281,19.415,16.975,22.683,-11.132 -28.15,63.284,35.133,11.484,3.932,-44.304 -28.15,63.284,35.133,11.484,3.932,-44.304 -28.943,53.587,30.719,4.128,15.506,-5.396
 -44.052,-13.123,17.786,-8.552,14.414,-9.833 -98.247,-25.831,31.853,1.932,20.184,15.641 -98.247,-25.831,31.853,1.932,20.184,15.641 -87.791,-18.119,26.685,-44.236,-15.63,21.194 -87.791,-18.119,26.685,-44.236,-15.63,21.194 -62.881,-4.398,16.771,-10.718,24.232,-7.542
 numeric(0),numeric(0),numeric(0),numeric(0),numeric(0),numeric(0) -68.657,-116.776,-34.477,-3.613,11.954,-8.969 -68.657,-116.776,-34.477,-3.613,11.954,-8.969 -25.878,-42.158,-14.868,14.402,-23.399,30.857 -25.878,-42.158,-14.868,14.402,-23.399,30.857 -23.562,-34.956,-11.828,12.534,31.562,-4.338
 7.437,-21.265,30.299,-1.496,36.524,-10.136 8.871,-21.494,29.475,-8.121,29.382,-1.604 8.871,-21.494,29.475,-8.121,29.382,-1.604 4.816,-10.761,14.161,-14.803,31.823,-6.157 4.816,-10.761,14.161,-14.803,31.823,-6.157 5.774,-12.13,16.311,-15.566,-1.8,-31.208
 23.766,141.287,128.12,-8.12,34.408,-16.936 14.722,114.728,96.46,-12.583,28.528,-12.077 14.722,114.728,96.46,-12.583,28.528,-12.077 1.704,9.457,8.092,-16.986,80.535,12.473
 -71.357,-7.508,90.404,14.348,-5.618,-7.273 -71.357,-7.508,90.404,14.348,-5.618,-7.273
 -16.913,-1.357,-89.904,-10.67,15.708,-21.636 -22.63,0.037,-108.531,1.745,21.671,-13.636 -22.63,0.037,-108.531,1.745,21.671,-13.636 -25.062,9.687,-133.349,6.247,23.807,22.997 -25.062,9.687,-133.349,6.247,23.807,22.997 -17.853,5.992,-113.024,-0.417,21.292,-22.122 -17.853,5.992,-113.024,-0.417,21.292,-22.122 -21.072,15.608,-164.471,13.067,24.299,43.162 -21.072,15.608,-164.471,13.067,24.299,43.162 -7.191,5.815,-57.014,-3.927,52.022,10.162 -7.191,5.815,-57.014,-3.927,52.022,10.162 -22.626,25.592,-184.385,-29.807,70.008,5.727 -22.626,25.592,-184.385,-29.807,70.008,5.727 -5.846,8.3,-45.734,15.68,27.505,-19.016 -5.846,8.3,-45.734,15.68,27.505,-19.016 -35.592,79.875,-398.861,-18.793,19.729,0.147
 -276.459,-0.094,97.462,-47.531,133.754,-25.347 -276.459,-0.094,97.462,-47.531,133.754,-25.347
 96.942,-46.703,-10.147,10.695,-7.799,8.421 113.246,-50.352,-10.488,11.422,11.924,-5.071 113.246,-50.352,-10.488,11.422,11.924,-5.071 63.456,-23.802,-5.01,-4.226,-22.297,-38.931 63.456,-23.802,-5.01,-4.226,-22.297,-38.931 126.759,-35.579,-11.079,-8.254,-10.677,-0.407
 -8.497,8.449,10.707,3.973,48.439,5.601 -123.084,116.263,134.446,3.067,35.238,-1.832 -123.084,116.263,134.446,3.067,35.238,-1.832 -24.719,20.955,24.245,-9.403,16.289,-16.988 -24.719,20.955,24.245,-9.403,16.289,-16.988 -39.512,32.846,35.172,19.822,69.042,25.065 -39.512,32.846,35.172,19.822,69.042,25.065 -124.003,84.766,97.526,16.281,-21.02,-1.99 -124.003,84.766,97.526,16.281,-21.02,-1.99 -35.953,24.353,25.045,-16.059,15.741,-15.29 -35.953,24.353,25.045,-16.059,15.741,-15.29 -42.852,34.499,27.049,-18.254,26.818,-0.097 -42.852,34.499,27.049,-18.254,26.818,-0.097 -83.907,63.389,44.568,-19.934,27.579,-7.561 -83.907,63.389,44.568,-19.934,27.579,-7.561 -53.196,35.259,28.114,4.179,15.535,-1.655 -53.196,35.259,28.114,4.179,15.535,-1.655 -29.062,18.026,16.685,6.18,42.077,-2.765 -29.062,18.026,16.685,6.18,42.077,-2.765 -69.409,33.595,33.397,8.732,-13.007,-9.027 -69.409,33.595,33.397,8.732,-13.007,-9.027 -34.003,15.861,13.539,-2.193,-63.819,-39.751 -34.003,15.861,13.539,-2.193,-63.819,-39.751 -469.862,251.588,160.537,0.191,3.243,-1.395 -469.862,251.588,160.537,0.191,3.243,-1.395 -21.019,11.132,5.041,8.37,28.094,1.798 -21.019,11.132,5.041,8.37,28.094,1.798 -33.466,23.184,7.1,-6.987,38.83,-2.567 -21.019,11.132,5.041,8.37,28.094,1.798 -575.817,230.278,101.628,-34.751,34.272,-2.589 -21.019,11.132,5.041,8.37,28.094,1.798 -78.882,41.984,15.752,-23.342,52.389,-20.35
 -17.624,-11.93,22.106,-0.53,32.613,14.879 -17.624,-11.93,22.106,-0.53,32.613,14.879
 -7.067,108.713,45.141,33.601,21.97,1.985 -7.067,108.713,45.141,33.601,21.97,1.985
 -59.895,-51.137,-61.074,-2.724,16.204,-12.527 -39.673,-34.383,-36.998,34.759,54.673,-22.115
 -3.08,19.079,-6.751,-6.264,0.646,-7.748 -3.08,19.079,-6.751,-6.264,0.646,-7.748
 -102.833,-9.155,5.975,-50.971,139.804,-28.994 -102.833,-9.155,5.975,-50.971,139.804,-28.994
 -5.618,-33.562,-83.263,-15.938,1.474,-11.813 -17.52,-104.969,-294.359,-1.116,10.265,-22.091 -17.52,-104.969,-294.359,-1.116,10.265,-22.091 -3.398,-9.74,-46.597,-32.283,101.144,11.954 -3.398,-9.74,-46.597,-32.283,101.144,11.954 -3.333,-8.403,-46.063,-20.061,25.212,-8.65 -3.333,-8.403,-46.063,-20.061,25.212,-8.65 -8.131,-6.068,-91.43,-20.755,36.847,-6.129 -3.398,-9.74,-46.597,-32.283,101.144,11.954 -15.726,-33.858,-186.754,6.92,35.64,5.193 -15.726,-33.858,-186.754,6.92,35.64,5.193 -5.615,-3.868,-43.088,9.786,11.758,6.781 -3.398,-9.74,-46.597,-32.283,101.144,11.954 -21.57,-19.398,-149.868,6.268,10.632,-1.26 -21.57,-19.398,-149.868,6.268,10.632,-1.26 -27.604,-19.76,-194.691,3.967,15.387,-7.2
 -48.078,18.884,178.193,-9.035,22.768,-4.851 -17.634,6.849,74.285,-0.591,8.112,15.88
 22.617,8.938,8.456,-2.536,-4.389,0.077 101.738,42.915,30.302,7.724,20.097,2.286 101.738,42.915,30.302,7.724,20.097,2.286 31.27,14.102,7.38,3.913,-11.902,1.409 31.27,14.102,7.38,3.913,-11.902,1.409 75.809,37.547,13.638,-2.641,30.795,17.864 75.809,37.547,13.638,-2.641,30.795,17.864 121.548,56.2,34.098,-24.8,52.743,-18.472
 13.458,-30.919,4.367,23.138,32.983,-28.231 100.48,-217.473,22.636,2.804,6.246,-5.589 100.48,-217.473,22.636,2.804,6.246,-5.589 5.65,-14.436,0.844,6.345,34.891,4.304 5.65,-14.436,0.844,6.345,34.891,4.304 421.177,-1062.172,6.752,-2.979,-0.747,-12.43 421.177,-1062.172,6.752,-2.979,-0.747,-12.43 72.258,-160.93,-3.962,-9.993,19.344,-17.621 72.258,-160.93,-3.962,-9.993,19.344,-17.621 30.85,-69.415,-3.258,-8.054,-48.493,-22.179 30.85,-69.415,-3.258,-8.054,-48.493,-22.179 13.256,-29.159,-2.604,-1.36,41.715,-5.076 13.256,-29.159,-2.604,-1.36,41.715,-5.076 206.093,-458.092,-61.921,-5.996,19.023,-5.393 206.093,-458.092,-61.921,-5.996,19.023,-5.393 85.842,-157.876,-27.095,-20.871,49.785,-8.562
 -9.488,-5.188,3.597,-7.769,-0.496,-18.041 -13.293,-6.719,4.684,-0.139,38.819,-0.544 -13.293,-6.719,4.684,-0.139,38.819,-0.544 -63.662,-32.956,20.282,-6.586,33.682,12.016
 -6.883,-259.095,-179.822,3.878,8.014,-2.925 -6.883,-259.095,-179.822,3.878,8.014,-2.925
 145.946,-82.205,-51.099,46.29,-21.006,-14.633 628.578,-330.77,-237.931,-12.507,6.236,-25.968 628.578,-330.77,-237.931,-12.507,6.236,-25.968 61.265,-30.443,-26.364,-9.478,15.263,27.091 48.732,-22.313,-21.219,32.669,-18.26,-39.701 67.043,-30.02,-33.884,4.564,39.352,4.254 67.043,-30.02,-33.884,4.564,39.352,4.254 129.27,-64.231,-75.999,13.622,13.153,-1.792 373.847,-164.935,-206.942,-19.741,-21.98,-69.785 125.047,-45.109,-67.861,7.531,13.838,-1.919 125.047,-45.109,-67.861,7.531,13.838,-1.919 79.026,-24.406,-46.864,-0.985,-3.784,-7.031 80.853,-27.233,-40.214,2.224,39.942,8.499 20.059,-7.831,-8.14,1.573,25.298,-14.236 20.059,-7.831,-8.14,1.573,25.298,-14.236 73.578,-24.066,-27.586,-15.873,-37.131,-84.097 112.693,-39.031,-40.67,7.82,-23.268,-22.92 134.5,-51.755,-45.33,-21.947,-13.793,-26.243 134.5,-51.755,-45.33,-21.947,-13.793,-26.243 17.76,-7.67,-5.819,9.823,17.64,-0.213 179.088,-73.916,-50.415,-14.011,41.713,-25.638 143.748,-63.662,-37.829,0.542,41.883,15.008 143.748,-63.662,-37.829,0.542,41.883,15.008 89.521,-42.215,-23.406,42.443,19.128,-11.52 65.135,-26.419,-13.543,10.34,21.834,-14.008 63.479,-23.335,-11.959,5.523,-17.793,-4.307 63.479,-23.335,-11.959,5.523,-17.793,-4.307 135.458,-47.291,-25.564,9.721,-11.361,4.686 119.828,-38.644,-23.461,1.151,19.847,5.943 170.619,-50.962,-36.605,-0.878,19.634,3.336 170.619,-50.962,-36.605,-0.878,19.634,3.336 92.49,-29.343,-23.461,-5.082,-5.034,-17.994 100.983,-32.951,-26.596,17.645,10.849,-8.202 45.459,-13.325,-13.423,12.21,-14.3,-10.479 45.459,-13.325,-13.423,12.21,-14.3,-10.479 38.169,-11.169,-11.608,-48.993,-31.159,-6.965 71.81,-16.102,-28.504,27.465,14.335,2.951 153.698,-34.134,-65.078,-0.422,29.516,-7.363 153.698,-34.134,-65.078,-0.422,29.516,-7.363 59.065,-13.995,-26.7,17.767,15.141,-5.887 83.508,-9.781,-32.131,15.097,-2.864,-1.911 67.884,-8.425,-26.765,-10.475,1.461,6.2 67.884,-8.425,-26.765,-10.475,1.461,6.2 87.42,-13.047,-33.297,1.44,-23.356,-32.455 46.68,-7.608,-17.308,-19.057,-26.182,-19.517 62.284,-10.241,-16.96,-4.032,38.239,8.347 62.284,-10.241,-16.96,-4.032,38.239,8.347 numeric(0),numeric(0),numeric(0),numeric(0),numeric(0),numeric(0) 68.744,-12.443,-11.83,-7.488,16.493,-0.964 119.529,-22.205,-19.653,-4.613,12.513,-4.598 119.529,-22.205,-19.653,-4.613,12.513,-4.598 43.871,-8.549,-7.149,-10.667,82.85,0.519 116.038,-27.219,-16.103,-15.379,11.946,-25.605 165.331,-39.787,-23.708,6.511,8.523,-6.09 165.331,-39.787,-23.708,6.511,8.523,-6.09 61.835,-15.084,-8.599,-3.328,39.503,3.874 157.991,-30.103,-21.821,-18.543,-10.347,-8.41 38.777,-3.429,-9.866,-3.373,9.937,-8.569 38.777,-3.429,-9.866,-3.373,9.937,-8.569 46.193,-3.489,-12.019,-2.19,22.594,-14.515
 59.992,265.917,-41.977,-1.649,2.947,-3.398 69.727,266.918,-34.724,4.884,25.552,6.035 69.727,266.918,-34.724,4.884,25.552,6.035 6.156,26.586,-2.429,8.288,-12.217,-8.944 6.156,26.586,-2.429,8.288,-12.217,-8.944 30.361,162.259,-19.814,17.219,16.062,-9.905
 4.162,-12.164,43.002,-33.134,20.207,-22.39 4.427,-21.583,84.789,-13.03,28.263,-0.391 4.427,-21.583,84.789,-13.03,28.263,-0.391 -3.346,-27.939,99.622,-30.147,24.034,-4.871 4.162,-12.164,43.002,-33.134,20.207,-22.39 0.219,-2.382,7.695,22.246,-20.368,26.572
 25.633,46.576,21.568,-14.951,24.577,-11.365 25.633,46.576,21.568,-14.951,24.577,-11.365
 18.198,49.51,15.044,-6.289,44.638,5.87 18.198,49.51,15.044,-6.289,44.638,5.87
 48.701,-7.076,1.079,1.637,20.277,-22.422 35.991,-4.817,-0.657,-15.06,0.19,-3.912 35.991,-4.817,-0.657,-15.06,0.19,-3.912 93.883,-4.322,1.765,6.451,-1.54,-12.089 93.883,-4.322,1.765,6.451,-1.54,-12.089 31.941,-2.507,0.996,8.912,-20.646,-23.19
 135.908,-56.872,239.62,-2.09,21.92,-8.656 142.031,-73.265,257.766,-5.353,24.373,-11.302 142.031,-73.265,257.766,-5.353,24.373,-11.302 385.054,-197.234,731.959,-13.022,-25.121,-85.878 385.054,-197.234,731.959,-13.022,-25.121,-85.878 numeric(0),numeric(0),numeric(0),numeric(0),numeric(0),numeric(0) numeric(0),numeric(0),numeric(0),numeric(0),numeric(0),numeric(0) 431.392,-287.026,939.439,-9.821,-15.121,-20.962
 -249.352,100.497,67.714,-2.961,60.297,39.945 -78.94,26.252,21.042,-17.393,59.53,-18.293 -78.94,26.252,21.042,-17.393,59.53,-18.293 -101.929,32.502,19.916,4.813,0.398,-14.263 -101.929,32.502,19.916,4.813,0.398,-14.263 -77.22,30.107,10.109,12.211,38.723,23.003
 6.443,72.368,-49.143,1.37,23.29,-27.994 8.235,65.214,-46.835,-12.224,-10.194,-7.727
 -16.449,-12.861,16.495,23.25,36.68,-7.903 -16.449,-12.861,16.495,23.25,36.68,-7.903
 -13.393,-5.224,20.522,8.416,-12.061,-8.444 -13.393,-5.224,20.522,8.416,-12.061,-8.444
 -49.626,-32.464,-30.557,-18.106,-6.766,-22.353 -121.243,-101.166,-73.729,10.727,-18.862,-25.571 -121.243,-101.166,-73.729,10.727,-18.862,-25.571 -99.366,-85.79,-61.209,-1.12,19.444,-1.212 -99.366,-85.79,-61.209,-1.12,19.444,-1.212 -80.388,-76.509,-50.908,-5.359,3.517,-18.738 -80.388,-76.509,-50.908,-5.359,3.517,-18.738 -50.079,-51.89,-34.061,-12.699,26.848,-12.866
 -60.214,-55.317,-43.403,-54.862,91.77,-19.518 -71.661,-72.991,-54.527,34.168,-31.363,-19.928 -71.661,-72.991,-54.527,34.168,-31.363,-19.928 -56.152,-65.647,-50.174,-0.195,6.118,0.178
 -13.594,-0.499,-6.265,-1.192,-6.933,-3.794 -13.594,-0.499,-6.265,-1.192,-6.933,-3.794
 7.234,-36.924,31.205,-5.501,30.675,-10.989 0.961,-5.908,4.81,4.657,16.953,0.578 0.961,-5.908,4.81,4.657,16.953,0.578 7.362,-37.203,29.211,1.801,25.104,-11.089
 -17.384,-2.449,-5.099,-2.971,36.722,-4.638 -17.384,-2.449,-5.099,-2.971,36.722,-4.638
 -7.676,-2.489,4.269,1.996,37.132,36.151 -167.926,-45.211,103.607,2.372,22.094,-11.913 -167.926,-45.211,103.607,2.372,22.094,-11.913 -98.641,-29.772,53.923,1.902,-19.094,-41.333
 3.158,108.433,56.741,-3.097,-21.074,-17.35 15.115,170.506,83.107,-9.169,23.281,-11.753 15.115,170.506,83.107,-9.169,23.281,-11.753 13.121,97.287,46.09,-1.754,22.372,-11.428 13.121,97.287,46.09,-1.754,22.372,-11.428 97.089,421.465,194.966,2.686,19.324,-4.178 97.089,421.465,194.966,2.686,19.324,-4.178 34.212,122.971,56.692,-0.01,6.411,-4.046 34.212,122.971,56.692,-0.01,6.411,-4.046 37.416,106.021,47.624,7.674,16.806,-4.985
 182.956,707.041,700.931,-2.093,8.826,-12.689 45.114,175.957,158.327,-3.397,27.592,-9.912 45.114,175.957,158.327,-3.397,27.592,-9.912 12.404,52.182,47.012,-5.054,22.263,-12.758 12.404,52.182,47.012,-5.054,22.263,-12.758 182.956,707.041,700.931,-2.093,8.826,-12.689 5.42,138.568,105.663,-28.008,54.205,-6.95 2.033,54.73,44.586,-2.552,7.773,6.415 2.033,54.73,44.586,-2.552,7.773,6.415 2.354,49.798,40.632,8.122,-10.691,-18.249 2.354,49.798,40.632,8.122,-10.691,-18.249 5.42,138.568,105.663,-28.008,54.205,-6.95 110.556,924.673,586.264,5.977,14.296,-10.031 13.926,148.95,88.094,17.957,5.077,-7.481
 -75.167,-54.131,-76.391,-7.049,12.052,-14.178 -48.885,-34.407,-46.512,-9.773,21.527,-1.712 -234.724,-137.883,-278.021,28.033,8.146,-26.308 -80.8,-46.031,-92.356,-3.433,18.044,-13.085 -61.046,-42.508,-77.187,-14.618,-2.426,-17.656 -143.049,-105.983,-179.414,12.61,29.679,3.407 -154.953,-83.442,-109.663,-3.694,9.653,-11.579 -74.755,-39.675,-54.948,-8.412,14.35,-17.28 -74.755,-39.675,-54.948,-8.412,14.35,-17.28 -14.565,-7.237,-10.58,3.878,49.361,0.508 -13.563,-4.976,-10.773,-5.885,28.849,-6.085 -13.563,-4.976,-10.773,-5.885,28.849,-6.085
 2.687,-29.589,87.968,-4.404,19.727,-10.118 2.687,-29.589,87.968,-4.404,19.727,-10.118
 2.637,87.745,-58.77,3.059,33.524,-3.737 0.867,21.969,-15.839,-2.943,102.788,-9.851
 3.56,-17.631,6.742,5.43,-31.15,-20.793 5.593,-26.875,9.015,1.483,49.173,1.445
 0.229,-199.021,15.204,1.67,12.031,-13.208 2.048,-727.315,37.246,3.221,2.455,-30.449 2.048,-727.315,37.246,3.221,2.455,-30.449 0.686,-89.66,2.043,6.607,-6.08,-5.648 0.686,-89.66,2.043,6.607,-6.08,-5.648 0.121,-5.077,0.222,2.861,5.951,-23.477
 -1.802,-24.949,1.998,-3.855,13.78,17.875 -1.569,-29.672,1.405,-2.748,11.96,-11.07
 73.711,61.205,38.635,10.054,3.841,-3.875 83.355,71.422,39.978,-8.269,12.963,-26.374 83.355,71.422,39.978,-8.269,12.963,-26.374 125.529,109.65,45.634,14.145,15.556,-8.071 125.529,109.65,45.634,14.145,15.556,-8.071 100.343,93.158,36.898,1.635,28.702,-11.576 100.343,93.158,36.898,1.635,28.702,-11.576 168.727,153.654,71.797,7.237,12.189,-13.104
 52.685,-112.859,40.502,10.968,-1.368,-11.333 55.185,-116.944,40.712,-1.453,15.396,-26.889 55.185,-116.944,40.712,-1.453,15.396,-26.889 77.994,-154.088,57.9,-3.62,-1.606,10.041 77.994,-154.088,57.9,-3.62,-1.606,10.041 33.814,-65.669,25.638,-1.626,17.658,4.678 33.814,-65.669,25.638,-1.626,17.658,4.678 41.183,-72.232,29.431,6.634,43.241,-2.056 41.183,-72.232,29.431,6.634,43.241,-2.056 139.319,-241.173,87.906,-3.798,10.096,-22.763 139.319,-241.173,87.906,-3.798,10.096,-22.763 62.246,-110.291,38.21,-6.885,27.012,4.068 62.246,-110.291,38.21,-6.885,27.012,4.068 99.547,-166.495,55.739,-2.041,13.52,-11.787 99.547,-166.495,55.739,-2.041,13.52,-11.787 25.525,-38.463,12.54,-9.13,36.496,3.841
 -56.655,-49.791,23.008,-12.355,18.793,-21.481 -70.905,-59.88,27.347,3.971,-5.005,7.5 -70.905,-59.88,27.347,3.971,-5.005,7.5 -39.926,-33.844,12.787,12.506,-6.931,-4.577
 -16.977,80.457,93.895,-0.391,-9.575,-6.342 -12.191,47.466,49.167,8.683,-5.48,-9.073 -12.191,47.466,49.167,8.683,-5.48,-9.073 -13.18,69.287,69.368,28.721,-40.282,-63.976 -13.18,69.287,69.368,28.721,-40.282,-63.976 -2.437,11.784,11.45,5.518,-25.627,-7.06 -2.437,11.784,11.45,5.518,-25.627,-7.06 -15.561,89.781,83.463,-5.44,33.364,-13.249 -15.561,89.781,83.463,-5.44,33.364,-13.249 -17.053,75.721,69.352,-7.391,90.181,-10.76 -17.053,75.721,69.352,-7.391,90.181,-10.76 -35.317,206.505,175.188,8.441,9.919,-11.9 -35.317,206.505,175.188,8.441,9.919,-11.9 -18.614,109.303,91.045,3.341,72.963,-37.111 -18.614,109.303,91.045,3.341,72.963,-37.111 -26.37,111.937,92.692,4.832,-8.551,-1.613