0 -8.058,-7.43,38.619,-5.975,2.849,16.973 -29.797,-35.741,141.814,-1.389,18.256,0.099
1 1.343,1.048,132.615,-11.448,26.328,-17.093 -0.403,-3.306,55.829,4.433,14.406,-8.05 -0.403,-3.306,55.829,4.433,14.406,-8.05 -4.458,-13.318,100.404,8.862,-2.178,3.058 -4.458,-13.318,100.404,8.862,-2.178,3.058 -13.011,-19.301,107.61,9.489,-4.51,-12.347 -13.011,-19.301,107.61,9.489,-4.51,-12.347 -8.058,-7.43,38.619,-5.975,2.849,16.973 -8.058,-7.43,38.619,-5.975,2.849,16.973 -21.201,-15.907,103.953,8.86,1.047,12.287 -21.201,-15.907,103.953,8.86,1.047,12.287 -42.251,-26.62,226.142,10.509,46.605,16.951 -42.251,-26.62,226.142,10.509,46.605,16.951 -20.05,-4.374,177.71,9.132,26.426,3.694 -20.05,-4.374,177.71,9.132,26.426,3.694 1.343,1.048,132.615,-11.448,26.328,-17.093
2 -17.299,4.335,33.191,4.676,23.956,-10.908 -13.103,3.398,20.361,7.207,-11.647,-7.828 -13.103,3.398,20.361,7.207,-11.647,-7.828 -15.095,0.406,20.553,8.431,-13.26,-9.677 -15.095,0.406,20.553,8.431,-13.26,-9.677 -13.463,-0.907,20.804,8.348,-11.684,-9.872 -13.463,-0.907,20.804,8.348,-11.684,-9.872 -13.776,-3.309,20.973,7.161,-12.068,-8.062 -13.776,-3.309,20.973,7.161,-12.068,-8.062 -13.342,-5.117,20.352,6.131,-13.111,-6.12 -13.342,-5.117,20.352,6.131,-13.111,-6.12 -18.53,-9.395,24.165,-3.475,18.771,-9.874
3 -6.266,-0.929,5.576,-1.379,28.312,13.158 -25.044,-0.231,23.392,1.276,56.151,10.711 -25.044,-0.231,23.392,1.276,56.151,10.711 -121.751,19.923,117.003,-1.738,29.328,-5.713 -121.751,19.923,117.003,-1.738,29.328,-5.713 -29.971,6.691,30.175,1.691,12.717,-6.847 -29.971,6.691,30.175,1.691,12.717,-6.847 -24.176,8.378,26.685,4.829,48.345,-5.205 -24.176,8.378,26.685,4.829,48.345,-5.205 -36.595,22.05,50.594,16.935,-8.602,-12.758 -66.84,3.507,24.651,1.731,49.163,-1.144 -210.159,41.609,91.36,-11.492,31.102,0.188 -210.159,41.609,91.36,-11.492,31.102,0.188 -81.227,23.44,38.974,3.639,34.306,-4.369 -81.227,23.44,38.974,3.639,34.306,-4.369 -67.036,32.609,41.852,-4.077,33.875,-0.24 -67.036,32.609,41.852,-4.077,33.875,-0.24 -39.512,32.846,35.172,19.822,69.042,25.065 -39.512,32.846,35.172,19.822,69.042,25.065 -123.084,116.263,134.446,3.067,35.238,-1.832 -123.084,116.263,134.446,3.067,35.238,-1.832 -8.497,8.449,10.707,3.973,48.439,5.601 -71.357,-7.508,90.404,14.348,-5.618,-7.273 -40.804,2.487,45.051,14.572,39.068,-1.111 -40.804,2.487,45.051,14.572,39.068,-1.111 -29.971,6.691,30.175,1.691,12.717,-6.847
4 -103.236,18.911,68.404,19.11,12.281,8.963 numeric(0),numeric(0),numeric(0),numeric(0),numeric(0),numeric(0)
5 -27.815,13.402,28.706,-2.347,38.868,6.015 -48.162,21.865,46.795,32.346,14.901,-5.365
6 -6.928,6.976,10.936,7.81,35.648,-0.31 -53.668,51.996,80.573,-3.602,30.595,-16.688
7 -8.583,6.495,21.181,-4.686,-11.682,0.14 -15.505,9.784,30.56,-3.793,61.213,9.964
8 -16.628,21.618,48.637,6.904,48.968,3.525 -12.781,11.618,34.665,-16.688,-9.433,-13.047 -12.781,11.618,34.665,-16.688,-9.433,-13.047 -8.583,6.495,21.181,-4.686,-11.682,0.14 -8.583,6.495,21.181,-4.686,-11.682,0.14 -15.505,9.784,30.56,-3.793,61.213,9.964 -15.505,9.784,30.56,-3.793,61.213,9.964 -77.667,48.482,126.314,17.365,-7.17,-1.392 -77.667,48.482,126.314,17.365,-7.17,-1.392 -6.694,5.005,10.575,7.134,70.223,-9.218 -6.694,5.005,10.575,7.134,70.223,-9.218 -13.05,12.077,22.437,10.1,16.013,-2.872
9 -9.178,-40.388,91.793,-6.268,17.14,-11.736 -5.432,-12.199,24.609,3.379,12.939,-8.427
10 -2.082,-17.065,24.721,22.88,13.047,-9.059 -8.82,-67.986,88.706,-6.311,17.968,-12.134 -8.82,-67.986,88.706,-6.311,17.968,-12.134 -0.436,-29.451,37.014,-1.712,13.417,-25.128 -0.436,-29.451,37.014,-1.712,13.417,-25.128 -0.531,-18.798,28.818,15.984,24.548,-14.739 -0.531,-18.798,28.818,15.984,24.548,-14.739 -2.082,-17.065,24.721,22.88,13.047,-9.059
11 3.548,-10.83,27.735,11.956,6.698,28.114 7.179,-14.064,44.025,14.098,14.759,5.603 7.179,-14.064,44.025,14.098,14.759,5.603 0.219,-2.382,7.695,22.246,-20.368,26.572 0.219,-2.382,7.695,22.246,-20.368,26.572 3.548,-10.83,27.735,11.956,6.698,28.114
12 4.445,-5.056,12.576,-54.875,71.23,-50.421 11.538,-15.094,37.279,6.589,6.077,-7.435 11.538,-15.094,37.279,6.589,6.077,-7.435 13.211,-21.653,47.695,19.712,28.322,12.399 13.211,-21.653,47.695,19.712,28.322,12.399 25.174,-46.563,90.614,4.237,36.983,2.519 25.174,-46.563,90.614,4.237,36.983,2.519 68.337,-123.382,233.311,2.321,-27.465,-10.838 68.337,-123.382,233.311,2.321,-27.465,-10.838 14.181,-21.547,39.072,-2.294,28.417,-5.065 14.181,-21.547,39.072,-2.294,28.417,-5.065 90.094,-117.996,220.665,-5.812,17.107,-14.995 90.094,-117.996,220.665,-5.812,17.107,-14.995 10.05,-11.425,23.958,-0.576,-12.437,-44.938 10.05,-11.425,23.958,-0.576,-12.437,-44.938 86.848,-95.347,212.528,-5.593,-0.476,-11.374 86.848,-95.347,212.528,-5.593,-0.476,-11.374 21.125,-23.266,56.972,8.802,-0.734,-14.243 21.125,-23.266,56.972,8.802,-0.734,-14.243 4.445,-5.056,12.576,-54.875,71.23,-50.421
13 14.521,-9.987,52.103,-12.432,43.943,-28.871 14.098,-4.467,33.531,10.86,-15.459,-19.74 14.098,-4.467,33.531,10.86,-15.459,-19.74 36.052,-1.903,88.495,3.148,6.736,4.934 36.052,-1.903,88.495,3.148,6.736,4.934 61.629,13.034,232.615,4.832,18.716,-1.234 61.629,13.034,232.615,4.832,18.716,-1.234 13.86,4.522,80.015,-9.156,35.434,1.909 13.86,4.522,80.015,-9.156,35.434,1.909 5.773,1.785,92.366,-5.506,35.251,7.959 5.773,1.785,92.366,-5.506,35.251,7.959 4.771,-2.4,78.497,-4.56,23.716,5.012 4.771,-2.4,78.497,-4.56,23.716,5.012 6.608,-8.687,97.697,14.107,-0.462,3.649 6.608,-8.687,97.697,14.107,-0.462,3.649 11.149,-17.689,95.993,-4.107,16.323,-19.584 11.149,-17.689,95.993,-4.107,16.323,-19.584 11.149,-17.689,95.993,-4.107,16.323,-19.584 11.149,-17.689,95.993,-4.107,16.323,-19.584 18.578,-23.884,112.569,10.254,-6.652,6.216 18.578,-23.884,112.569,10.254,-6.652,6.216 14.521,-9.987,52.103,-12.432,43.943,-28.871
14 -8.823,-5.933,3.699,-57.743,31.49,-102.416 -27.76,-17.753,15.43,-14.079,-4.262,-4.766 -27.76,-17.753,15.43,-14.079,-4.262,-4.766 -117.43,-62.302,91.173,12.243,24.151,-45.52 -34.262,-26.727,25.465,6.17,35.255,17.613 -10.681,-8.548,7.817,12.103,-8.354,8.903 -10.681,-8.548,7.817,12.103,-8.354,8.903 -41.583,-36.463,28.27,7.581,26.482,-5.225 -41.583,-36.463,28.27,7.581,26.482,-5.225 -9.488,-5.188,3.597,-7.769,-0.496,-18.041 -9.488,-5.188,3.597,-7.769,-0.496,-18.041 -13.293,-6.719,4.684,-0.139,38.819,-0.544 -13.293,-6.719,4.684,-0.139,38.819,-0.544 -63.662,-32.956,20.282,-6.586,33.682,12.016
15 -69.991,-27.286,-14.822,-4.44,14.826,-11.493 -69.991,-27.286,-14.822,-4.44,14.826,-11.493 -401.046,-150.219,-95.566,30.888,1.236,-3.349 -401.046,-150.219,-95.566,30.888,1.236,-3.349
16 -16.449,-12.861,16.495,23.25,36.68,-7.903 -66.496,-60.918,49.201,5.766,-6.795,-0.167 -66.496,-60.918,49.201,5.766,-6.795,-0.167 -74.456,-75.839,49.577,-18.151,-14.255,-19.493 -74.456,-75.839,49.577,-18.151,-14.255,-19.493 -12.128,-12.926,8.216,13.863,-10.225,-17.709 -12.128,-12.926,8.216,13.863,-10.225,-17.709 -9.749,-11.954,9.009,7.474,-7.687,-16.586 -9.749,-11.954,9.009,7.474,-7.687,-16.586 -61.058,-86.247,73.103,-8.018,-4.04,-6.905 -61.058,-86.247,73.103,-8.018,-4.04,-6.905 -20.68,-45.429,29.864,-7.77,47.736,10.414 -20.68,-45.429,29.864,-7.77,47.736,10.414 -3.073,-8.593,5.615,1.158,73.019,-21.963 -3.073,-8.593,5.615,1.158,73.019,-21.963 -8.778,-25.099,21.472,0.502,-15.978,-5.738 -8.778,-25.099,21.472,0.502,-15.978,-5.738 -26.079,-66.292,65.133,5.886,26.25,12.772 -26.079,-66.292,65.133,5.886,26.25,12.772 -28.794,-61.566,71.156,4.043,23.138,2.295 -28.794,-61.566,71.156,4.043,23.138,2.295 -7.208,-5.295,11.386,-21.542,4.272,-25.528 -7.208,-5.295,11.386,-21.542,4.272,-25.528 -25.632,-16.883,38.989,15.306,-7.353,-14.757 -25.632,-16.883,38.989,15.306,-7.353,-14.757 -17.624,-11.93,22.106,-0.53,32.613,14.879 -17.624,-11.93,22.106,-0.53,32.613,14.879 -16.449,-12.861,16.495,23.25,36.68,-7.903
17 -37.437,-55.496,42.673,-8.105,8.366,-5.71 -62.228,-83.279,63.356,1.1,21.339,-18.91 -62.228,-83.279,63.356,1.1,21.339,-18.91 -18.458,-23.589,16.675,-8.755,36.646,3.088 -18.458,-23.589,16.675,-8.755,36.646,3.088 -12.176,-16.559,10.344,6.922,-12.751,-7.815 -12.176,-16.559,10.344,6.922,-12.751,-7.815 -22.633,-33.161,19.839,-11.482,25.55,4.776 -22.633,-33.161,19.839,-11.482,25.55,4.776 -24.824,-38.814,22.54,-10.082,19.845,-23.087 -24.824,-38.814,22.54,-10.082,19.845,-23.087 -33.656,-56.902,33.507,-14.356,29.365,-33.123 -33.656,-56.902,33.507,-14.356,29.365,-33.123 -48.908,-85.956,56.755,-10.229,23.355,-13.119
18 -152.438,-191.281,67.501,-4.203,20.147,-13.346 -152.438,-191.281,67.501,-4.203,20.147,-13.346 50.318,-226.595,152.835,-2.129,22.016,-20.268 50.318,-226.595,152.835,-2.129,22.016,-20.268 -2.741,-15.956,-6.251,23.662,10.421,-12.544 -2.741,-15.956,-6.251,23.662,10.421,-12.544
19 0.961,-5.908,4.81,4.657,16.953,0.578 7.234,-36.924,31.205,-5.501,30.675,-10.989 0.961,-5.908,4.81,4.657,16.953,0.578 7.362,-37.203,29.211,1.801,25.104,-11.089
20 2.355,-4.487,0.791,-1.099,30.18,5.24 6.564,-11.926,1.529,-15.184,33.829,-35.602 2.355,-4.487,0.791,-1.099,30.18,5.24 78.634,-157.27,32.948,11.528,7.726,-1.497
21 7.437,-21.265,30.299,-1.496,36.524,-10.136 14.752,-29.922,33.513,-1.144,23.545,-6.694 14.752,-29.922,33.513,-1.144,23.545,-6.694 249.318,-348.796,363.041,2.645,7.428,-7.06 249.318,-348.796,363.041,2.645,7.428,-7.06 12.263,-13.835,12.456,9.233,46.323,22.854 12.263,-13.835,12.456,9.233,46.323,22.854 28.278,-25.254,22.09,17.228,-13.469,-3.685
22 112.705,-10.784,106.574,5.962,19.543,2.573 36.723,-3.147,36.011,-1.512,19.743,-9.611 36.723,-3.147,36.011,-1.512,19.743,-9.611 17.773,-1.746,18.792,43.976,15.39,-30.782 17.773,-1.746,18.792,43.976,15.39,-30.782 420.8,-25.674,443.019,0.628,24.492,-30.947
23 420.8,-25.674,443.019,0.628,24.492,-30.947 318.176,14.338,330.649,-3.631,11.777,-3.959 318.176,14.338,330.649,-3.631,11.777,-3.959 61.45,7.607,60.623,1.546,35.002,-3.101 61.45,7.607,60.623,1.546,35.002,-3.101 149.075,24.128,148.343,-40.029,-44.214,-0.331 149.075,24.128,148.343,-40.029,-44.214,-0.331 35.936,6.899,39.274,16.626,-3.175,3.113 35.936,6.899,39.274,16.626,-3.175,3.113 140.69,27.81,160.874,-8.921,16.763,-17.87 140.69,27.81,160.874,-8.921,16.763,-17.87 274.223,50.905,338.493,-0.704,25.922,-16.285 274.223,50.905,338.493,-0.704,25.922,-16.285 87.251,14.199,121.212,4.571,13.313,-2.375
24 247.972,74.817,350.013,-1.322,35.809,0.754 105.429,51.228,143.153,-0.396,23.906,-6.971 116.22,33.347,157.585,39.577,12.349,-39.754 32.425,14.775,40.457,22.496,27.936,-6.911
25 112.705,-10.784,106.574,5.962,19.543,2.573 36.723,-3.147,36.011,-1.512,19.743,-9.611 36.723,-3.147,36.011,-1.512,19.743,-9.611 17.773,-1.746,18.792,43.976,15.39,-30.782 17.773,-1.746,18.792,43.976,15.39,-30.782 420.8,-25.674,443.019,0.628,24.492,-30.947 420.8,-25.674,443.019,0.628,24.492,-30.947 318.176,14.338,330.649,-3.631,11.777,-3.959 318.176,14.338,330.649,-3.631,11.777,-3.959 61.45,7.607,60.623,1.546,35.002,-3.101 61.45,7.607,60.623,1.546,35.002,-3.101 149.075,24.128,148.343,-40.029,-44.214,-0.331 149.075,24.128,148.343,-40.029,-44.214,-0.331 35.936,6.899,39.274,16.626,-3.175,3.113 35.936,6.899,39.274,16.626,-3.175,3.113 140.69,27.81,160.874,-8.921,16.763,-17.87 140.69,27.81,160.874,-8.921,16.763,-17.87 274.223,50.905,338.493,-0.704,25.922,-16.285 274.223,50.905,338.493,-0.704,25.922,-16.285 87.251,14.199,121.212,4.571,13.313,-2.375 87.251,14.199,121.212,4.571,13.313,-2.375 66.53,9.283,94.252,-3.436,22.112,-14.488 66.53,9.283,94.252,-3.436,22.112,-14.488 8.6,0.345,14.41,16.438,42.335,2.34 8.6,0.345,14.41,16.438,42.335,2.34 423.08,61.343,836.561,4.303,14.691,-5.5 423.08,61.343,836.561,4.303,14.691,-5.5 49.17,26.807,113.163,-3.489,19.899,-12.124 66.53,9.283,94.252,-3.436,22.112,-14.488 38.521,6.88,59.204,3.652,17.441,-9.198 38.521,6.88,59.204,3.652,17.441,-9.198 3.098,0.674,5.038,10.807,33.748,-1.473 3.098,0.674,5.038,10.807,33.748,-1.473 50.42,12.338,86.296,8.311,-13.811,-29.722 50.42,12.338,86.296,8.311,-13.811,-29.722 79.837,20.168,146.837,-5.755,19.659,-7.597 79.837,20.168,146.837,-5.755,19.659,-7.597 423.08,61.343,836.561,4.303,14.691,-5.5
26 49.17,26.807,113.163,-3.489,19.899,-12.124 49.17,26.807,113.163,-3.489,19.899,-12.124 79.837,20.168,146.837,-5.755,19.659,-7.597 79.837,20.168,146.837,-5.755,19.659,-7.597 14.426,5.669,27.102,-6.937,44.411,2.467 14.426,5.669,27.102,-6.937,44.411,2.467 8.6,0.345,14.41,16.438,42.335,2.34 8.6,0.345,14.41,16.438,42.335,2.34 38.521,6.88,59.204,3.652,17.441,-9.198 38.521,6.88,59.204,3.652,17.441,-9.198
27 53.343,54.414,5.448,-13.676,-20.061,-30.304 95.543,95.306,21.151,14.579,22.21,-6.663 95.543,95.306,21.151,14.579,22.21,-6.663 19.693,17.262,4.671,-0.612,46.188,0.068 53.343,54.414,5.448,-13.676,-20.061,-30.304 18.44,15.931,1.378,7.941,-15.529,-17.07 18.44,15.931,1.378,7.941,-15.529,-17.07 46.746,35.276,8.71,2.108,16.26,-2.396 53.343,54.414,5.448,-13.676,-20.061,-30.304 149.571,124.93,1.117,2.245,17.613,-2.422 149.571,124.93,1.117,2.245,17.613,-2.422 46.746,35.276,8.71,2.108,16.26,-2.396 61.665,94.489,50.484,1.132,22.481,-18.974 60.92,80.022,23.102,1.892,17.668,3.792 60.92,80.022,23.102,1.892,17.668,3.792 53.343,54.414,5.448,-13.676,-20.061,-30.304 61.665,94.489,50.484,1.132,22.481,-18.974 68.081,89.052,22.473,4.574,-5.738,-9.447 68.081,89.052,22.473,4.574,-5.738,-9.447 39.078,49.645,10.837,-12.809,10.066,-11.755 39.078,49.645,10.837,-12.809,10.066,-11.755 55.2,68.663,13.999,14.816,-31.683,-36.836 55.2,68.663,13.999,14.816,-31.683,-36.836 53.343,54.414,5.448,-13.676,-20.061,-30.304 64.696,50.617,-1.484,0.42,-11.178,-11.952 64.696,50.617,-1.484,0.42,-11.178,-11.952
28 61.665,94.489,50.484,1.132,22.481,-18.974 114.964,187.846,136.996,4.336,24.217,1.021 61.665,94.489,50.484,1.132,22.481,-18.974 156.087,232.105,176.743,5.586,25.426,-2.755
29 114.964,187.846,136.996,4.336,24.217,1.021 167.128,286.479,239.126,25.813,47.239,45.059 156.087,232.105,176.743,5.586,25.426,-2.755 40.141,59.806,53.22,-1.611,32.173,0.275
30 167.128,286.479,239.126,25.813,47.239,45.059 76.156,129.1,125.817,-2.395,18.963,-16.453 76.156,129.1,125.817,-2.395,18.963,-16.453 59.861,87.855,117.193,-0.142,31.536,-18.168 40.141,59.806,53.22,-1.611,32.173,0.275 69.723,104.539,115.461,3.976,-15.31,-7.753 69.723,104.539,115.461,3.976,-15.31,-7.753 42.715,55.957,78.171,-0.016,3.228,16.973
31 59.861,87.855,117.193,-0.142,31.536,-18.168 30.697,32.01,59.95,1.932,2.27,1.531 42.715,55.957,78.171,-0.016,3.228,16.973 62.885,77.881,118.709,-5.423,21.534,-13.871 62.885,77.881,118.709,-5.423,21.534,-13.871 30.697,32.01,59.95,1.932,2.27,1.531
32 30.697,32.01,59.95,1.932,2.27,1.531 126.232,116.378,253.546,-4.55,28.078,-11.83 126.232,116.378,253.546,-4.55,28.078,-11.83 977.131,696.492,1865.028,-6.919,-12.437,-43.68
33 977.131,696.492,1865.028,-6.919,-12.437,-43.68 977.131,696.492,1865.028,-6.919,-12.437,-43.68
34 53.343,54.414,5.448,-13.676,-20.061,-30.304 95.543,95.306,21.151,14.579,22.21,-6.663 95.543,95.306,21.151,14.579,22.21,-6.663 19.693,17.262,4.671,-0.612,46.188,0.068 53.343,54.414,5.448,-13.676,-20.061,-30.304 18.44,15.931,1.378,7.941,-15.529,-17.07 18.44,15.931,1.378,7.941,-15.529,-17.07 46.746,35.276,8.71,2.108,16.26,-2.396 53.343,54.414,5.448,-13.676,-20.061,-30.304 149.571,124.93,1.117,2.245,17.613,-2.422 149.571,124.93,1.117,2.245,17.613,-2.422 46.746,35.276,8.71,2.108,16.26,-2.396 977.131,696.492,1865.028,-6.919,-12.437,-43.68 126.232,116.378,253.546,-4.55,28.078,-11.83 126.232,116.378,253.546,-4.55,28.078,-11.83 30.697,32.01,59.95,1.932,2.27,1.531 30.697,32.01,59.95,1.932,2.27,1.531 59.861,87.855,117.193,-0.142,31.536,-18.168 59.861,87.855,117.193,-0.142,31.536,-18.168 76.156,129.1,125.817,-2.395,18.963,-16.453 76.156,129.1,125.817,-2.395,18.963,-16.453 167.128,286.479,239.126,25.813,47.239,45.059 167.128,286.479,239.126,25.813,47.239,45.059 114.964,187.846,136.996,4.336,24.217,1.021 114.964,187.846,136.996,4.336,24.217,1.021 61.665,94.489,50.484,1.132,22.481,-18.974 61.665,94.489,50.484,1.132,22.481,-18.974 156.087,232.105,176.743,5.586,25.426,-2.755 156.087,232.105,176.743,5.586,25.426,-2.755 40.141,59.806,53.22,-1.611,32.173,0.275 40.141,59.806,53.22,-1.611,32.173,0.275 69.723,104.539,115.461,3.976,-15.31,-7.753 69.723,104.539,115.461,3.976,-15.31,-7.753 42.715,55.957,78.171,-0.016,3.228,16.973 42.715,55.957,78.171,-0.016,3.228,16.973 62.885,77.881,118.709,-5.423,21.534,-13.871 62.885,77.881,118.709,-5.423,21.534,-13.871 30.697,32.01,59.95,1.932,2.27,1.531 61.665,94.489,50.484,1.132,22.481,-18.974 60.92,80.022,23.102,1.892,17.668,3.792 60.92,80.022,23.102,1.892,17.668,3.792 53.343,54.414,5.448,-13.676,-20.061,-30.304 61.665,94.489,50.484,1.132,22.481,-18.974 68.081,89.052,22.473,4.574,-5.738,-9.447 68.081,89.052,22.473,4.574,-5.738,-9.447 39.078,49.645,10.837,-12.809,10.066,-11.755 39.078,49.645,10.837,-12.809,10.066,-11.755 55.2,68.663,13.999,14.816,-31.683,-36.836 55.2,68.663,13.999,14.816,-31.683,-36.836 53.343,54.414,5.448,-13.676,-20.061,-30.304
35 1.713,8.954,9.44,1.873,34.804,-2.49 0.036,17.601,17.569,6.622,-13.671,-13.779 0.036,17.601,17.569,6.622,-13.671,-13.779 0.049,40.426,30.699,-10.086,34.617,4.037 0.049,40.426,30.699,-10.086,34.617,4.037 5.282,35.65,19.655,-0.944,24.538,-25.455 5.282,35.65,19.655,-0.944,24.538,-25.455 31.348,111.139,75.467,3.415,21.303,0.111 31.348,111.139,75.467,3.415,21.303,0.111 1.713,8.954,9.44,1.873,34.804,-2.49
36 0.047,22.556,31.373,-15.759,24.639,-7.838 -7.081,27.741,46.579,-9.564,30.574,-9.098 -7.081,27.741,46.579,-9.564,30.574,-9.098 192.507,650.415,1548.354,-16.017,-47.847,28.641 192.507,650.415,1548.354,-16.017,-47.847,28.641 31.071,123.284,224.19,10.225,12.77,-9.424 31.071,123.284,224.19,10.225,12.77,-9.424 0.047,22.556,31.373,-15.759,24.639,-7.838
37 18.994,-23.134,7.794,0.397,26.847,-12.557 48.015,-57.406,21.336,12.956,15.641,1.984 48.015,-57.406,21.336,12.956,15.641,1.984 22.698,-25.507,9.871,-1.804,-5.697,-33.755 22.698,-25.507,9.871,-1.804,-5.697,-33.755 42.742,-49.404,17.595,3.02,-13.619,-10.97 42.742,-49.404,17.595,3.02,-13.619,-10.97 18.994,-23.134,7.794,0.397,26.847,-12.557
38 76.368,45.841,81.132,-3.501,26.595,-29.551 76.368,45.841,81.132,-3.501,26.595,-29.551 197.405,115.386,200.259,-14.073,17.192,17.93 197.405,115.386,200.259,-14.073,17.192,17.93
39 43.54,-7.552,19.435,12.002,6.342,4.098 48.502,-7.383,21.234,-6.264,50.133,4.046
40 48.502,-7.383,21.234,-6.264,50.133,4.046 27.363,4.742,16.595,-2.505,17.525,-14.524 27.363,4.742,16.595,-2.505,17.525,-14.524 46.946,14.742,35.255,2.179,53.496,-26.645 127.197,28.091,113.551,41.044,27.278,19.749 80.259,14.557,67.141,-1.543,-7.557,-4.484 80.259,14.557,67.141,-1.543,-7.557,-4.484 145.152,23.562,98.143,6.974,13.587,2.636 145.152,23.562,98.143,6.974,13.587,2.636 44.669,7.586,25.438,-32.664,-62.688,-95.501 44.669,7.586,25.438,-32.664,-62.688,-95.501 49.547,10.382,22.823,-7.458,-28.745,-29.128 49.547,10.382,22.823,-7.458,-28.745,-29.128 115.064,36.18,43.089,-6.634,-5.886,3.021 115.064,36.18,43.089,-6.634,-5.886,3.021 110.244,35.53,44.543,8.485,27.257,-0.114 110.244,35.53,44.543,8.485,27.257,-0.114 82.363,29.761,45.131,3.398,13.762,-1.939 82.363,29.761,45.131,3.398,13.762,-1.939 106.219,39.251,62.095,-16.704,12.418,-58.239 106.219,39.251,62.095,-16.704,12.418,-58.239 46.946,14.742,35.255,2.179,53.496,-26.645 46.946,14.742,35.255,2.179,53.496,-26.645 127.197,28.091,113.551,41.044,27.278,19.749
41 127.197,28.091,113.551,41.044,27.278,19.749 80.259,14.557,67.141,-1.543,-7.557,-4.484 80.259,14.557,67.141,-1.543,-7.557,-4.484 145.152,23.562,98.143,6.974,13.587,2.636 145.152,23.562,98.143,6.974,13.587,2.636 44.669,7.586,25.438,-32.664,-62.688,-95.501 44.669,7.586,25.438,-32.664,-62.688,-95.501 49.547,10.382,22.823,-7.458,-28.745,-29.128 49.547,10.382,22.823,-7.458,-28.745,-29.128 115.064,36.18,43.089,-6.634,-5.886,3.021 115.064,36.18,43.089,-6.634,-5.886,3.021 110.244,35.53,44.543,8.485,27.257,-0.114 110.244,35.53,44.543,8.485,27.257,-0.114 82.363,29.761,45.131,3.398,13.762,-1.939 82.363,29.761,45.131,3.398,13.762,-1.939 106.219,39.251,62.095,-16.704,12.418,-58.239 106.219,39.251,62.095,-16.704,12.418,-58.239 46.946,14.742,35.255,2.179,53.496,-26.645 46.946,14.742,35.255,2.179,53.496,-26.645 127.197,28.091,113.551,41.044,27.278,19.749
42 105.705,6.744,38.985,-46.517,45.638,-14.945 128.258,8.368,52.673,-12.53,28.441,-12.005 128.258,8.368,52.673,-12.53,28.441,-12.005 122.845,8.146,63.499,3.263,10.433,-8.929 122.845,8.146,63.499,3.263,10.433,-8.929 53.472,7.069,30.829,-1.941,12.51,-19.388 53.472,7.069,30.829,-1.941,12.51,-19.388 143.431,20.68,77.964,-11.038,-5.896,-0.911 143.431,20.68,77.964,-11.038,-5.896,-0.911 102.112,16.685,46.096,12.104,-7.483,-22.66 102.112,16.685,46.096,12.104,-7.483,-22.66 105.705,6.744,38.985,-46.517,45.638,-14.945
43 43.54,-7.552,19.435,12.002,6.342,4.098 48.502,-7.383,21.234,-6.264,50.133,4.046 48.502,-7.383,21.234,-6.264,50.133,4.046 27.363,4.742,16.595,-2.505,17.525,-14.524 27.363,4.742,16.595,-2.505,17.525,-14.524 46.946,14.742,35.255,2.179,53.496,-26.645 51.433,-12.878,28.29,2.792,54.442,38.824 25.975,0.951,14.461,-0.016,19.143,-25.912 51.433,-12.878,28.29,2.792,54.442,38.824 138.682,8.018,37.699,5.749,0.669,-6.018 38.311,-9.417,10.723,1.179,11.904,-9.009 25.975,0.951,14.461,-0.016,19.143,-25.912 38.311,-9.417,10.723,1.179,11.904,-9.009 138.682,8.018,37.699,5.749,0.669,-6.018 25.975,0.951,14.461,-0.016,19.143,-25.912 138.682,8.018,37.699,5.749,0.669,-6.018 51.433,-12.878,28.29,2.792,54.442,38.824 38.311,-9.417,10.723,1.179,11.904,-9.009
44 51.433,-12.878,28.29,2.792,54.442,38.824 38.311,-9.417,10.723,1.179,11.904,-9.009
45 25.975,0.951,14.461,-0.016,19.143,-25.912 138.682,8.018,37.699,5.749,0.669,-6.018
46 14.873,7.998,9.585,-3.581,-0.669,-26.704 14.873,7.998,9.585,-3.581,-0.669,-26.704 26.91,17.068,22.302,-4.281,29.77,-0.177 26.91,17.068,22.302,-4.281,29.77,-0.177
47 15.732,9.752,8.034,-16.121,11.472,-18.524 14.753,8.063,6.389,-4.328,6.993,-10.092
48 126.629,109.546,87.933,51.738,54.837,27.814 33.288,30.498,23.262,1.453,22.709,-23.12 33.288,30.498,23.262,1.453,22.709,-23.12 34.069,30.652,25.662,-23.946,28.807,-34.804 34.069,30.652,25.662,-23.946,28.807,-34.804 126.629,109.546,87.933,51.738,54.837,27.814
49 14.189,15.239,18.072,1.914,2.514,2.48 50.772,53.119,59.165,-5.875,77.147,-19.576 50.772,53.119,59.165,-5.875,77.147,-19.576 111.414,133.178,96.44,8.648,0.041,-14.167 111.414,133.178,96.44,8.648,0.041,-14.167 120.006,145.836,98.767,4.979,15.495,-8.49 120.006,145.836,98.767,4.979,15.495,-8.49 36.396,45.069,26.674,7.806,17.231,-8.683 36.396,45.069,26.674,7.806,17.231,-8.683 51.762,58.972,30.19,62.523,55.357,0.369 51.762,58.972,30.19,62.523,55.357,0.369 32.83,36.343,17.562,-12.054,43.543,6.49 32.83,36.343,17.562,-12.054,43.543,6.49 15.732,9.752,8.034,-16.121,11.472,-18.524 15.732,9.752,8.034,-16.121,11.472,-18.524 38.393,25.826,21.619,-13.68,-35.081,-37.743 38.393,25.826,21.619,-13.68,-35.081,-37.743 34.069,30.652,25.662,-23.946,28.807,-34.804 34.069,30.652,25.662,-23.946,28.807,-34.804 111.414,133.178,96.44,8.648,0.041,-14.167 38.393,25.826,21.619,-13.68,-35.081,-37.743 14.873,7.998,9.585,-3.581,-0.669,-26.704 38.393,25.826,21.619,-13.68,-35.081,-37.743 26.91,17.068,22.302,-4.281,29.77,-0.177 14.753,8.063,6.389,-4.328,6.993,-10.092 32.199,18.204,16.157,7.09,-16.279,-3.561 32.199,18.204,16.157,7.09,-16.279,-3.561 15.732,9.752,8.034,-16.121,11.472,-18.524 15.732,9.752,8.034,-16.121,11.472,-18.524 14.753,8.063,6.389,-4.328,6.993,-10.092 14.753,8.063,6.389,-4.328,6.993,-10.092 41.77,22.568,16.62,-2.964,19.927,-22.634
50 16.848,38.89,17.828,-7.216,42.533,4.305 17.754,40.527,18.141,-5.284,46.892,5.854
51 16.402,41.558,11.841,-6.311,45.532,5.074 18.662,40.003,11.035,-6.138,45.704,5.52 18.662,40.003,11.035,-6.138,45.704,5.52 61.802,116.22,41.099,-18.451,-22.446,-15.625 61.802,116.22,41.099,-18.451,-22.446,-15.625 25.633,46.576,21.568,-14.951,24.577,-11.365 25.633,46.576,21.568,-14.951,24.577,-11.365 32.686,70.379,40.139,17.276,9.744,-27.63 32.686,70.379,40.139,17.276,9.744,-27.63 37.416,106.021,47.624,7.674,16.806,-4.985 37.416,106.021,47.624,7.674,16.806,-4.985 10.687,34.619,12.362,-3.327,39.868,5.809 10.687,34.619,12.362,-3.327,39.868,5.809 16.402,41.558,11.841,-6.311,45.532,5.074
52 -1.469,3.176,0.32,11.847,2.822,-17.528 -18.21,45.556,7.148,2.409,25.811,-5.771
53 -5.312,12.13,8.239,9.608,16.087,-6.132 -4.055,8.195,4.867,25.656,17.426,-0.3
54 -32.631,37.775,19.631,-4.036,45.81,3.972 -112.78,133.871,62.141,3.922,44.945,-0.032 -112.78,133.871,62.141,3.922,44.945,-0.032 -25.042,28.634,12.473,-17.084,24.464,-35.9 -40.272,45.586,22.166,-9.174,-4.22,-19.914 -40.272,45.586,22.166,-9.174,-4.22,-19.914
55 -53.196,35.259,28.114,4.179,15.535,-1.655 -33.466,23.184,7.1,-6.987,38.83,-2.567
56 -69.409,33.595,33.397,8.732,-13.007,-9.027 -34.003,15.861,13.539,-2.193,-63.819,-39.751 -34.003,15.861,13.539,-2.193,-63.819,-39.751 -469.862,251.588,160.537,0.191,3.243,-1.395 -469.862,251.588,160.537,0.191,3.243,-1.395 -21.019,11.132,5.041,8.37,28.094,1.798
57 -16.442,3.337,6.281,12.313,-14.918,-17.456 -46.506,9.411,13.096,-8.493,16.131,-15.864
58 -31.308,-8.709,6.293,2.298,45.232,0.389 -58.942,-14.588,3.605,-16.092,136.058,-16.268 -58.942,-14.588,3.605,-16.092,136.058,-16.268 -11.489,-2.112,-0.296,13.307,37.176,3.862 -11.489,-2.112,-0.296,13.307,37.176,3.862 -81.055,-7.058,-0.947,-3.868,22.561,-8.944 -81.055,-7.058,-0.947,-3.868,22.561,-8.944 -10.915,0.443,0.337,-6.285,-38.164,-13.91
59 -18.334,-12.368,-2.325,-9.725,-3.275,-45.541 -71.034,-46.526,-15.391,-3.695,-5.684,56.66 -71.034,-46.526,-15.391,-3.695,-5.684,56.66 -43.372,-30.119,-12.552,5.116,8.515,9.453 -170.623,-129.196,-37.754,-25.416,55.467,-21.279 -170.623,-129.196,-37.754,-25.416,55.467,-21.279
60 -86.726,-13.291,36.575,15.568,28.562,5.71 -77.55,-6.553,33.091,-2.272,4.853,-3.417 -77.55,-6.553,33.091,-2.272,4.853,-3.417 -69.662,-4.976,31.015,23.656,11.367,-13.362 -69.662,-4.976,31.015,23.656,11.367,-13.362 -136.772,-7.08,66.414,-26.071,27.222,-12.657 -136.772,-7.08,66.414,-26.071,27.222,-12.657 -76.634,-3.603,39.566,6.023,5.102,-7.504 -76.634,-3.603,39.566,6.023,5.102,-7.504 -65.929,-3.46,35.9,3.979,-23.878,-26.393 -65.929,-3.46,35.9,3.979,-23.878,-26.393 -45.934,-3.516,25.47,9.941,9.45,4.406 -45.934,-3.516,25.47,9.941,9.45,4.406 -44.032,-5.199,23.842,-14.19,18.271,-15.5 -44.032,-5.199,23.842,-14.19,18.271,-15.5 -78.26,-9.055,40.607,-5.3,6.101,-3.218 -78.26,-9.055,40.607,-5.3,6.101,-3.218 -74.225,-8.781,37.797,-3.939,4.167,-2.335 -74.225,-8.781,37.797,-3.939,4.167,-2.335 -68.644,-8.706,33.618,-4.04,7.968,-4.666 -68.644,-8.706,33.618,-4.04,7.968,-4.666 -74.609,-10.157,34.421,1.146,5.097,-4.754 -74.609,-10.157,34.421,1.146,5.097,-4.754 -86.726,-13.291,36.575,15.568,28.562,5.71
61 -1.469,3.176,0.32,11.847,2.822,-17.528 -33.466,23.184,7.1,-6.987,38.83,-2.567 -33.466,23.184,7.1,-6.987,38.83,-2.567 -10.915,0.443,0.337,-6.285,-38.164,-13.91 -10.915,0.443,0.337,-6.285,-38.164,-13.91 -81.055,-7.058,-0.947,-3.868,22.561,-8.944 -81.055,-7.058,-0.947,-3.868,22.561,-8.944 -11.489,-2.112,-0.296,13.307,37.176,3.862 -11.489,-2.112,-0.296,13.307,37.176,3.862 -58.942,-14.588,3.605,-16.092,136.058,-16.268 -58.942,-14.588,3.605,-16.092,136.058,-16.268 -31.308,-8.709,6.293,2.298,45.232,0.389 -31.308,-8.709,6.293,2.298,45.232,0.389 -93.264,-8.454,30.054,-33.002,48.235,52.695 -93.264,-8.454,30.054,-33.002,48.235,52.695 -29.062,18.026,16.685,6.18,42.077,-2.765 -29.062,18.026,16.685,6.18,42.077,-2.765 -4.055,8.195,4.867,25.656,17.426,-0.3 -32.631,37.775,19.631,-4.036,45.81,3.972 -112.78,133.871,62.141,3.922,44.945,-0.032 -112.78,133.871,62.141,3.922,44.945,-0.032 -25.042,28.634,12.473,-17.084,24.464,-35.9 -40.272,45.586,22.166,-9.174,-4.22,-19.914 -40.272,45.586,22.166,-9.174,-4.22,-19.914 -33.466,23.184,7.1,-6.987,38.83,-2.567 -25.042,28.634,12.473,-17.084,24.464,-35.9 -29.062,18.026,16.685,6.18,42.077,-2.765 -32.631,37.775,19.631,-4.036,45.81,3.972 -86.726,-13.291,36.575,15.568,28.562,5.71 -78.728,-18.645,31.454,-2.323,17.414,-14.81 -78.728,-18.645,31.454,-2.323,17.414,-14.81 -16.211,-5.11,5.369,2.368,40.257,6.956 -16.211,-5.11,5.369,2.368,40.257,6.956 -16.386,-5.704,2.88,18.656,36.111,11.251 -16.386,-5.704,2.88,18.656,36.111,11.251 -194.393,-68.461,19.735,23.899,15.867,7.196 -194.393,-68.461,19.735,23.899,15.867,7.196 -58.942,-14.588,3.605,-16.092,136.058,-16.268
62 -55.881,-102.321,-41.986,-0.654,7.074,-13.417 -69.333,-120.492,-57.928,2.911,17.47,-21.625 -69.333,-120.492,-57.928,2.911,17.47,-21.625 -46.814,-80.155,-45.503,-1.037,10.272,-10.213
63 -16.049,-138.75,-105.65,-5.342,18.126,-18.021 -17.881,-139.409,-107.055,-2.409,8.802,-24.263
64 -55.881,-102.321,-41.986,-0.654,7.074,-13.417 -69.333,-120.492,-57.928,2.911,17.47,-21.625 -69.333,-120.492,-57.928,2.911,17.47,-21.625 -46.814,-80.155,-45.503,-1.037,10.272,-10.213 -36.549,-42.42,-9.253,3.488,43.778,0.196 -55.881,-102.321,-41.986,-0.654,7.074,-13.417 -55.881,-102.321,-41.986,-0.654,7.074,-13.417 -80.536,-175.075,-92.302,-7.064,8.955,-17.767 -16.409,-15.152,-6.422,26.618,40.427,5.599 -46.814,-80.155,-45.503,-1.037,10.272,-10.213 -46.814,-80.155,-45.503,-1.037,10.272,-10.213 -80.536,-175.075,-92.302,-7.064,8.955,-17.767 -69.333,-120.492,-57.928,2.911,17.47,-21.625 -80.536,-175.075,-92.302,-7.064,8.955,-17.767 -80.536,-175.075,-92.302,-7.064,8.955,-17.767 -58.543,-140.308,-75.575,-3.31,13.302,-15.392 -58.543,-140.308,-75.575,-3.31,13.302,-15.392 -45.96,-119.547,-68.721,-3.527,7.321,-14.606 -45.96,-119.547,-68.721,-3.527,7.321,-14.606 -4.842,-15.396,-11.007,-49.3,32.099,-17.886 -4.842,-15.396,-11.007,-49.3,32.099,-17.886 -35.433,-115.662,-94.672,2.451,29.978,3.021 -35.433,-115.662,-94.672,2.451,29.978,3.021 -8.585,-29.255,-27.803,-11.339,49.39,-20.272 -8.585,-29.255,-27.803,-11.339,49.39,-20.272 -3.401,-16.055,-15.432,10.734,39.325,-3.864 -3.401,-16.055,-15.432,10.734,39.325,-3.864 -6.654,-67.017,-62.797,2.588,-0.708,-0.985 -6.654,-67.017,-62.797,2.588,-0.708,-0.985 -29.202,-538.527,-454.583,1.806,32.988,4.25 -29.202,-538.527,-454.583,1.806,32.988,4.25 -8.785,-114.748,-93.293,-2.852,22.458,-5.123 -8.785,-114.748,-93.293,-2.852,22.458,-5.123 -16.049,-138.75,-105.65,-5.342,18.126,-18.021
65 0.649,-25.602,-15.04,-7.694,-6.225,-33.179 2.754,-35.739,-26.778,-28.901,18.181,-28.909 2.754,-35.739,-26.778,-28.901,18.181,-28.909 3.817,-36.058,-24.813,-11.043,25.952,-12.852 3.817,-36.058,-24.813,-11.043,25.952,-12.852 10.113,-110.094,-63.389,17.641,27.3,-4.392 10.113,-110.094,-63.389,17.641,27.3,-4.392 0.649,-25.602,-15.04,-7.694,-6.225,-33.179
66 14.951,-60.794,-30.937,0.26,18.171,-10.752 9.508,-31.623,-17.315,-2.94,-21.399,-60.297 9.508,-31.623,-17.315,-2.94,-21.399,-60.297 6.326,-22.578,-13.472,3.469,-19.081,-10.553 6.326,-22.578,-13.472,3.469,-19.081,-10.553 12.938,-64.084,-33.298,21.332,-15.765,-9.845 12.938,-64.084,-33.298,21.332,-15.765,-9.845 14.951,-60.794,-30.937,0.26,18.171,-10.752
67 27.65,-107.438,-42.823,12.964,25.443,0.075 10.864,-37.465,-15.556,20.643,-15.831,-20.886 10.864,-37.465,-15.556,20.643,-15.831,-20.886 44.828,-142.689,-57.483,-6.785,18.168,-22.516 44.828,-142.689,-57.483,-6.785,18.168,-22.516 46.374,-131.622,-47.924,-2.057,-16.088,-13.047 46.374,-131.622,-47.924,-2.057,-16.088,-13.047 13.283,-35.681,-12.259,-3.901,-4.009,3.527 13.283,-35.681,-12.259,-3.901,-4.009,3.527 160.831,-431.729,-131.716,3.401,-4.066,-15.261
68 7.059,-51.784,-46.915,-2.954,13.276,-1.961 17.466,-118.625,-109.152,22.71,14.853,-11.391 17.466,-118.625,-109.152,22.71,14.853,-11.391 24.137,-138.347,-131.814,-30.119,0.439,-48.791 24.137,-138.347,-131.814,-30.119,0.439,-48.791 17.195,-79.461,-77.638,10.61,11.598,-3.683 17.195,-79.461,-77.638,10.61,11.598,-3.683 11.085,-39.231,-36.829,9.311,20.943,-0.113 11.085,-39.231,-36.829,9.311,20.943,-0.113 12.654,-41.164,-36.776,15.482,-7.065,-19.27 12.654,-41.164,-36.776,15.482,-7.065,-19.27 39.672,-125.767,-108.096,-1.916,17.511,-25.809 39.672,-125.767,-108.096,-1.916,17.511,-25.809 8.695,-27.8,-22.679,2.508,41.608,8.931 8.695,-27.8,-22.679,2.508,41.608,8.931 3.946,-13.232,-10.429,-8.463,56.204,13.757 3.946,-13.232,-10.429,-8.463,56.204,13.757 6.354,-24.254,-18.967,-10.244,-38.072,-44.254 6.354,-24.254,-18.967,-10.244,-38.072,-44.254 9.338,-48.285,-38.873,-7.104,37.731,9.902 9.338,-48.285,-38.873,-7.104,37.731,9.902 7.429,-52.271,-43.839,8.235,16.431,-3.356 7.429,-52.271,-43.839,8.235,16.431,-3.356 7.059,-51.784,-46.915,-2.954,13.276,-1.961
69 27.74,-55.419,-22.265,-31.232,-28.132,-34.048 51.734,-110.793,-52.987,3.838,33.177,4.015 51.734,-110.793,-52.987,3.838,33.177,4.015 52.215,-133.418,-63.676,-0.601,-36.254,-24.785 52.215,-133.418,-63.676,-0.601,-36.254,-24.785 43.177,-109.165,-46.899,14.531,24.425,4.195 43.177,-109.165,-46.899,14.531,24.425,4.195 30.402,-67.938,-25.415,-9.242,41.128,8.978 30.402,-67.938,-25.415,-9.242,41.128,8.978 27.74,-55.419,-22.265,-31.232,-28.132,-34.048
70 10.113,-110.094,-63.389,17.641,27.3,-4.392 3.817,-36.058,-24.813,-11.043,25.952,-12.852 3.817,-36.058,-24.813,-11.043,25.952,-12.852 6.326,-22.578,-13.472,3.469,-19.081,-10.553 6.326,-22.578,-13.472,3.469,-19.081,-10.553 12.938,-64.084,-33.298,21.332,-15.765,-9.845 12.938,-64.084,-33.298,21.332,-15.765,-9.845 10.113,-110.094,-63.389,17.641,27.3,-4.392 0.649,-25.602,-15.04,-7.694,-6.225,-33.179 2.754,-35.739,-26.778,-28.901,18.181,-28.909 2.754,-35.739,-26.778,-28.901,18.181,-28.909 3.817,-36.058,-24.813,-11.043,25.952,-12.852 3.817,-36.058,-24.813,-11.043,25.952,-12.852 10.113,-110.094,-63.389,17.641,27.3,-4.392 10.113,-110.094,-63.389,17.641,27.3,-4.392 0.649,-25.602,-15.04,-7.694,-6.225,-33.179 14.951,-60.794,-30.937,0.26,18.171,-10.752 9.508,-31.623,-17.315,-2.94,-21.399,-60.297 9.508,-31.623,-17.315,-2.94,-21.399,-60.297 6.326,-22.578,-13.472,3.469,-19.081,-10.553 6.326,-22.578,-13.472,3.469,-19.081,-10.553 12.938,-64.084,-33.298,21.332,-15.765,-9.845 12.938,-64.084,-33.298,21.332,-15.765,-9.845 14.951,-60.794,-30.937,0.26,18.171,-10.752 10.113,-110.094,-63.389,17.641,27.3,-4.392 2.562,-20.887,-10.002,-10.878,46.816,0.083 2.562,-20.887,-10.002,-10.878,46.816,0.083 12.938,-64.084,-33.298,21.332,-15.765,-9.845
71 18.489,-26.888,-7.261,8.427,4.865,0.221 46.143,-65.494,-18.142,2.774,5.616,-5.36 46.143,-65.494,-18.142,2.774,5.616,-5.36 55.92,-79.117,-25.564,9.157,26.892,11.277
72 41.97,-46.745,-10.508,-4.553,19.484,-7.879 32.579,-34.738,-7.529,0.961,14.699,-6.025 32.579,-34.738,-7.529,0.961,14.699,-6.025 35.93,-33.041,-9.817,6.194,24.322,-1.336
73 132.887,-100.54,-16.254,14.255,8.337,-7.128 44.199,-31.599,-7.495,-0.256,36.904,-3.424 44.199,-31.599,-7.495,-0.256,36.904,-3.424 195.927,-130.909,-37.669,4.293,15.413,-1.378
74 45.636,-20.88,-1.215,-10.429,38.594,2.737 25.97,-10.912,-0.01,36.634,12.318,4.993 25.97,-10.912,-0.01,36.634,12.318,4.993 307.631,-134.917,8.077,14.78,23.987,4.177 25.97,-10.912,-0.01,36.634,12.318,4.993 50.763,-19.65,-0.112,0.832,24.39,-14.187 45.636,-20.88,-1.215,-10.429,38.594,2.737 307.631,-134.917,8.077,14.78,23.987,4.177 45.636,-20.88,-1.215,-10.429,38.594,2.737 50.763,-19.65,-0.112,0.832,24.39,-14.187
75 37.793,-26.441,-13.805,-1.171,53.016,4.063 9.349,-6.127,-3.232,-1.012,17.791,-13.973
76 177.619,-96.656,-1.129,15.496,11.856,-10.062 124.678,-69.599,-5.374,18.33,8.846,-8.384
77 24.964,-12.968,3.055,10.064,37.392,3.312 70.328,-38.312,7.089,-1.065,44.88,36.821
78 57.962,-20.679,11.774,14.776,19.131,-1.888 15.123,-5.009,3.436,7.703,16.416,-38.424
79 101.167,-33.59,46.495,8.236,30.426,-6.694 29.97,-9.449,14.388,23.18,17.642,0.054
80 53.599,-18.717,33.071,8.474,1.366,-5.014 75.245,-26.736,44.826,11.097,-4.878,-3.15
81 120.187,-30.035,8.272,2.402,6.813,-5.664 107.859,-18.852,10.314,49.672,33.029,-27.221 107.859,-18.852,10.314,49.672,33.029,-27.221 51.141,-7.195,5.774,2.998,-31.662,-9.89 51.141,-7.195,5.774,2.998,-31.662,-9.89 13.595,-1.192,1.344,10.365,23.649,-27.733 13.595,-1.192,1.344,10.365,23.649,-27.733 243.652,-14.484,14.872,10.481,-37.883,-27.731 243.652,-14.484,14.872,10.481,-37.883,-27.731 31.941,-2.507,0.996,8.912,-20.646,-23.19 31.941,-2.507,0.996,8.912,-20.646,-23.19 105.667,-11.35,2.436,2.86,-24.25,-12.408 105.667,-11.35,2.436,2.86,-24.25,-12.408 48.701,-7.076,1.079,1.637,20.277,-22.422 48.701,-7.076,1.079,1.637,20.277,-22.422 41.496,-7.847,2.422,14.395,152.451,2.794 41.496,-7.847,2.422,14.395,152.451,2.794 107.859,-18.852,10.314,49.672,33.029,-27.221 13.595,-1.192,1.344,10.365,23.649,-27.733 32.792,-0.099,3.947,3.152,23.347,-17.243
82 35.908,329.703,58.086,5.316,33.625,2.941 36.048,326.79,54.956,5.587,32.782,1.56 36.048,326.79,54.956,5.587,32.782,1.56 3.462,34.245,5.631,-5.52,106.97,-33.781 3.462,34.245,5.631,-5.52,106.97,-33.781 35.908,329.703,58.086,5.316,33.625,2.941 4.804,49.04,5.276,-16.873,51.707,-15.854 4.804,49.04,5.276,-16.873,51.707,-15.854
83 25.868,210.73,-1.108,0.282,16.088,0.48 62.775,602.667,-12.713,-1.571,26.234,-3.59 62.775,602.667,-12.713,-1.571,26.234,-3.59 18.918,224.809,-7.652,-2.738,18.376,2.106
84 16.391,152.033,-12.944,6.174,29.279,-3.961 50.584,469.099,-44.733,0.124,36.354,-0.043 50.584,469.099,-44.733,0.124,36.354,-0.043 76.014,706.411,-73.546,-5.324,22.365,-4.353
85 34.605,155.127,44.369,12.466,30.303,-4.094 29.578,119.898,34.025,-3.98,28.059,-12.309 29.578,119.898,34.025,-3.98,28.059,-12.309 14.731,51.689,12.918,19.772,-1.764,-11.209 14.731,51.689,12.918,19.772,-1.764,-11.209 19.762,63.265,10.379,7.042,24.159,-5.54 19.762,63.265,10.379,7.042,24.159,-5.54 2.414,7.637,0.978,-9.619,28.385,3.398 2.414,7.637,0.978,-9.619,28.385,3.398 76.009,245.568,25.228,8.721,21.136,3.469 76.009,245.568,25.228,8.721,21.136,3.469 85.812,290.868,12.926,5.705,22.19,2.906 85.812,290.868,12.926,5.705,22.19,2.906 62.912,228.978,7.106,4.636,14.368,-6.852
86 -5.266,31.714,9.461,1.871,-9.289,-13.869 -3.532,17.638,4.118,3.351,34.311,-9.649
87 -7.067,108.713,45.141,33.601,21.97,1.985 -6.562,65.281,27.195,-25.525,62.594,-12.776 -6.562,65.281,27.195,-25.525,62.594,-12.776 -26.594,209.318,77.684,-0.344,42.195,-0.931
88 -3.869,37.174,3.002,2.159,15.104,3.106 -116.711,807.325,104.973,4.635,14.205,-17.323 -116.711,807.325,104.973,4.635,14.205,-17.323 -49.353,273.076,48.41,-5.017,32.714,2.369 -49.353,273.076,48.41,-5.017,32.714,2.369 -3.532,17.638,4.118,3.351,34.311,-9.649 -3.532,17.638,4.118,3.351,34.311,-9.649 -5.266,31.714,9.461,1.871,-9.289,-13.869 -5.266,31.714,9.461,1.871,-9.289,-13.869 -26.594,209.318,77.684,-0.344,42.195,-0.931 -26.594,209.318,77.684,-0.344,42.195,-0.931 -6.562,65.281,27.195,-25.525,62.594,-12.776 -6.562,65.281,27.195,-25.525,62.594,-12.776 -7.067,108.713,45.141,33.601,21.97,1.985
89 35.908,329.703,58.086,5.316,33.625,2.941 27.105,281.737,37.471,-11.241,32.995,-16.954 11.659,76.036,8.56,5.966,17.729,-2.852 27.105,281.737,37.471,-11.241,32.995,-16.954 27.105,281.737,37.471,-11.241,32.995,-16.954 3.189,151.364,19.682,-19.358,20.224,10.501 11.659,76.036,8.56,5.966,17.729,-2.852 25.868,210.73,-1.108,0.282,16.088,0.48 25.868,210.73,-1.108,0.282,16.088,0.48 62.775,602.667,-12.713,-1.571,26.234,-3.59 62.775,602.667,-12.713,-1.571,26.234,-3.59 18.918,224.809,-7.652,-2.738,18.376,2.106 18.918,224.809,-7.652,-2.738,18.376,2.106 10.444,195.315,-33.327,-0.361,20.561,-4.64 10.444,195.315,-33.327,-0.361,20.561,-4.64 51.601,256.71,-37.74,1.777,20.742,-3.691 3.189,151.364,19.682,-19.358,20.224,10.501 -3.532,17.638,4.118,3.351,34.311,-9.649 -3.869,37.174,3.002,2.159,15.104,3.106 -116.711,807.325,104.973,4.635,14.205,-17.323 -116.711,807.325,104.973,4.635,14.205,-17.323 -49.353,273.076,48.41,-5.017,32.714,2.369 -49.353,273.076,48.41,-5.017,32.714,2.369 -3.532,17.638,4.118,3.351,34.311,-9.649 -3.532,17.638,4.118,3.351,34.311,-9.649 -5.266,31.714,9.461,1.871,-9.289,-13.869 -5.266,31.714,9.461,1.871,-9.289,-13.869 -26.594,209.318,77.684,-0.344,42.195,-0.931 -26.594,209.318,77.684,-0.344,42.195,-0.931 -6.562,65.281,27.195,-25.525,62.594,-12.776 -6.562,65.281,27.195,-25.525,62.594,-12.776 -7.067,108.713,45.141,33.601,21.97,1.985 34.605,155.127,44.369,12.466,30.303,-4.094 29.578,119.898,34.025,-3.98,28.059,-12.309 29.578,119.898,34.025,-3.98,28.059,-12.309 14.731,51.689,12.918,19.772,-1.764,-11.209 14.731,51.689,12.918,19.772,-1.764,-11.209 19.762,63.265,10.379,7.042,24.159,-5.54 19.762,63.265,10.379,7.042,24.159,-5.54 2.414,7.637,0.978,-9.619,28.385,3.398 2.414,7.637,0.978,-9.619,28.385,3.398 76.009,245.568,25.228,8.721,21.136,3.469 76.009,245.568,25.228,8.721,21.136,3.469 85.812,290.868,12.926,5.705,22.19,2.906 85.812,290.868,12.926,5.705,22.19,2.906 62.912,228.978,7.106,4.636,14.368,-6.852 11.659,76.036,8.56,5.966,17.729,-2.852 2.414,7.637,0.978,-9.619,28.385,3.398 51.601,256.71,-37.74,1.777,20.742,-3.691 25.868,210.73,-1.108,0.282,16.088,0.48 3.189,151.364,19.682,-19.358,20.224,10.501 18.918,224.809,-7.652,-2.738,18.376,2.106
90 59.992,265.917,-41.977,-1.649,2.947,-3.398 69.727,266.918,-34.724,4.884,25.552,6.035 69.727,266.918,-34.724,4.884,25.552,6.035 6.156,26.586,-2.429,8.288,-12.217,-8.944 6.156,26.586,-2.429,8.288,-12.217,-8.944 30.361,162.259,-19.814,17.219,16.062,-9.905 30.361,162.259,-19.814,17.219,16.062,-9.905 59.992,265.917,-41.977,-1.649,2.947,-3.398
91 67.199,562.091,-181.996,-6.551,25.084,-3.363 6.349,45.532,-17.426,-1.627,-20.157,-13.762 6.349,45.532,-17.426,-1.627,-20.157,-13.762 0.557,8.211,-3.4,11.323,-15.05,-10.946 0.557,8.211,-3.4,11.323,-15.05,-10.946 1.233,32.555,-12.427,-35.761,55.723,-135.351 1.233,32.555,-12.427,-35.761,55.723,-135.351 67.199,562.091,-181.996,-6.551,25.084,-3.363
92 -45.719,130.657,-104.68,3.695,18.241,-5.372 -27.498,105.142,-60.172,-7.64,23.093,-11.899 -27.498,105.142,-60.172,-7.64,23.093,-11.899 -285.015,1010.173,-463.662,-8.664,57.45,-2.849 -285.015,1010.173,-463.662,-8.664,57.45,-2.849 -129.733,421.761,-218.98,-3.833,34.302,-8.148 -129.733,421.761,-218.98,-3.833,34.302,-8.148 -190.762,496.337,-298.433,-6.062,46.068,-3.279 -190.762,496.337,-298.433,-6.062,46.068,-3.279 -45.719,130.657,-104.68,3.695,18.241,-5.372
93 8.235,65.214,-46.835,-12.224,-10.194,-7.727 6.443,72.368,-49.143,1.37,23.29,-27.994 6.443,72.368,-49.143,1.37,23.29,-27.994 0.867,21.969,-15.839,-2.943,102.788,-9.851 0.867,21.969,-15.839,-2.943,102.788,-9.851 -5.342,55.194,-36.614,8.13,-8.969,-13.234 -5.342,55.194,-36.614,8.13,-8.969,-13.234 -8.071,90.819,-52.776,-5.572,28.376,-14.195
94 78.663,45.419,-35.009,-19.855,59.899,-16.955 3.154,1.54,-1.002,2.026,-32.165,18.878 3.154,1.54,-1.002,2.026,-32.165,18.878 62.659,33.127,-12.925,-0.424,14.758,-14.396 62.659,33.127,-12.925,-0.424,14.758,-14.396 32.242,12.38,-4.967,15.809,-7.817,-36.29 32.242,12.38,-4.967,15.809,-7.817,-36.29 34.756,10.724,-6.533,-3.134,38.618,-26.252
95 29.293,28.393,-6.387,-29.606,-7.379,-39.282 87.167,75.855,-28.508,11.69,3.895,-16.516 87.167,75.855,-28.508,11.69,3.895,-16.516 10.171,8.927,-4.547,7.279,35.076,-6.174 10.171,8.927,-4.547,7.279,35.076,-6.174 39.279,36.322,-20.541,-0.165,-14.582,-0.992 39.279,36.322,-20.541,-0.165,-14.582,-0.992 17.349,17.715,-10.845,5.282,-21.716,-2.567 17.349,17.715,-10.845,5.282,-21.716,-2.567 55.91,61.332,-36.497,-9.993,27.557,8.644 55.91,61.332,-36.497,-9.993,27.557,8.644 54.323,73.271,-36.174,-11.795,19.038,-17.128 54.323,73.271,-36.174,-11.795,19.038,-17.128 30.76,52.236,-14.563,11.28,54.398,-46.478
96 5.972,7.077,0.545,2.854,21.744,5.226 8.164,11.327,0.098,28.938,13.809,-31.707 8.164,11.327,0.098,28.938,13.809,-31.707 53.807,88.054,-5.323,1.436,27.6,-0.76 53.807,88.054,-5.323,1.436,27.6,-0.76 67.466,137.616,23.98,-4.564,23.718,-13.297 67.466,137.616,23.98,-4.564,23.718,-13.297 60.407,105.349,26.901,12.897,14.714,-3.355 60.407,105.349,26.901,12.897,14.714,-3.355 5.972,7.077,0.545,2.854,21.744,5.226
97 -29.939,15.488,-7.383,1.689,36.021,-20.089 -38.472,12.2,-11.721,-15.253,-14.582,38.475 -38.472,12.2,-11.721,-15.253,-14.582,38.475 -87.011,-3.847,-36.29,-7.862,31.897,2.469 -87.011,-3.847,-36.29,-7.862,31.897,2.469 -41.239,-6.234,-18.046,12.092,1.585,-8.034 -41.239,-6.234,-18.046,12.092,1.585,-8.034 -33.898,-12.157,-15.413,11.634,-9.234,-5.595 -33.898,-12.157,-15.413,11.634,-9.234,-5.595 -24.639,-15.154,-14.537,-9.016,-13.361,-31.587 -24.639,-15.154,-14.537,-9.016,-13.361,-31.587 -50.079,-51.89,-34.061,-12.699,26.848,-12.866 -50.079,-51.89,-34.061,-12.699,26.848,-12.866 -35.332,-49.09,-32.342,9.691,20.845,10.791
98 -73.449,1.277,-22.671,-16.882,18.501,-8.463 -99.571,6.63,-33.101,6.534,-14.07,-10.468 -99.571,6.63,-33.101,6.534,-14.07,-10.468 -24.971,3.857,-8.056,1.176,12.134,0.262 -24.971,3.857,-8.056,1.176,12.134,0.262 -55.929,10.027,-14.99,-3.681,35.459,57.055 -55.929,10.027,-14.99,-3.681,35.459,57.055 -118.661,18.47,-23.037,-3.333,15.275,13.49 -118.661,18.47,-23.037,-3.333,15.275,13.49 -90.348,9.224,-15.691,6.528,25.681,2.427
99 -87.011,-3.847,-36.29,-7.862,31.897,2.469 -41.239,-6.234,-18.046,12.092,1.585,-8.034 -41.239,-6.234,-18.046,12.092,1.585,-8.034 -24.977,-3.273,-7.469,-7.056,25.364,-19.179 -24.977,-3.273,-7.469,-7.056,25.364,-19.179 -44.806,-3.095,-14.197,-0.149,35.707,5.956 -44.806,-3.095,-14.197,-0.149,35.707,5.956 -87.011,-3.847,-36.29,-7.862,31.897,2.469
100 -0.495,-0.414,-1.157,-7.058,24.214,24.353 -50.954,-30.563,-104.479,-1.853,21.452,-12.274 -50.954,-30.563,-104.479,-1.853,21.452,-12.274 -70.726,-32.938,-105.309,0.34,10.164,-7.141 -70.726,-32.938,-105.309,0.34,10.164,-7.141 -25.772,-4.72,-30.098,-2.339,35.588,4.376 -25.772,-4.72,-30.098,-2.339,35.588,4.376 -88.945,3.438,-89.552,4.6,43.506,-3.828 -88.945,3.438,-89.552,4.6,43.506,-3.828 -80.491,-2.937,-98.485,-5.009,28.502,-10.966 -80.491,-2.937,-98.485,-5.009,28.502,-10.966 -14.607,-1.999,-22.801,17.496,-1.236,-36.108 -14.607,-1.999,-22.801,17.496,-1.236,-36.108 -42.169,-8.91,-73.723,-7.554,18.364,-16.432 -80.491,-2.937,-98.485,-5.009,28.502,-10.966 -72.217,-4.779,-119.265,-6.63,24.051,-22.683 -72.217,-4.779,-119.265,-6.63,24.051,-22.683 -34.633,-3.237,-61.233,-29.391,54.663,19.484 -34.633,-3.237,-61.233,-29.391,54.663,19.484 -44.364,-5.172,-88.035,9.133,17.729,6.691 -88.945,3.438,-89.552,4.6,43.506,-3.828 -7.074,0.417,-6.053,-20.435,68.957,2.544 -7.074,0.417,-6.053,-20.435,68.957,2.544 -33.789,3.999,-21.144,13.009,38.648,-4.007
101 -12.359,-7.624,-10.694,-1.855,51.018,-36.42 -39.673,-34.383,-36.998,34.759,54.673,-22.115 -39.673,-34.383,-36.998,34.759,54.673,-22.115 -44.026,-53.316,-50.72,-0.589,57.546,-10.95 -44.026,-53.316,-50.72,-0.589,57.546,-10.95 -51.553,-89.402,-81.786,-7.367,9.209,-18.303 -51.553,-89.402,-81.786,-7.367,9.209,-18.303 -10.706,-22.917,-30.311,-15.97,36.278,15.853 -10.706,-22.917,-30.311,-15.97,36.278,15.853 -6.474,-52.425,-62.676,-9.614,21.29,-16.815 -6.474,-52.425,-62.676,-9.614,21.29,-16.815 6.298,-217.61,-260.29,-14.293,9.6,-12.283 6.298,-217.61,-260.29,-14.293,9.6,-12.283 -14.501,-45.841,-80.149,18.064,-0.171,-13.665 -14.501,-45.841,-80.149,18.064,-0.171,-13.665 -69.546,-38.368,-86.039,-3.498,34.295,-21.993 -69.546,-38.368,-86.039,-3.498,34.295,-21.993 -13.563,-4.976,-10.773,-5.885,28.849,-6.085 -13.563,-4.976,-10.773,-5.885,28.849,-6.085 -12.359,-7.624,-10.694,-1.855,51.018,-36.42
102 13.084,-15.933,-22.336,9.548,-0.065,7.408 17.85,-24.201,-45.841,-8.849,15.373,-13.953
103 34.993,-12.277,-39.608,12.044,32.759,-2.253 18.673,-9.904,-22.635,1.329,20.5,-22.787
104 6.451,-1.799,-3.808,5.483,10.952,-8.228 27.584,5.31,-9.12,7.649,34.662,0.249
105 71.81,-16.102,-28.504,27.465,14.335,2.951 153.698,-34.134,-65.078,-0.422,29.516,-7.363 153.698,-34.134,-65.078,-0.422,29.516,-7.363 59.065,-13.995,-26.7,17.767,15.141,-5.887 46.68,-7.608,-17.308,-19.057,-26.182,-19.517 87.42,-13.047,-33.297,1.44,-23.356,-32.455 87.42,-13.047,-33.297,1.44,-23.356,-32.455 83.508,-9.781,-32.131,15.097,-2.864,-1.911 94.721,-3.575,-32.47,20.077,12.24,-8.693 124.806,-8.617,-41.318,14.099,17.072,-5.615 124.806,-8.617,-41.318,14.099,17.072,-5.615 207.471,-16.544,-66.89,6.902,14.349,-1.106 90.835,1.482,-28.358,-6.167,11.343,-2.38 216.069,11.481,-70.047,-18.714,54.257,-27.785 216.069,11.481,-70.047,-18.714,54.257,-27.785 133.334,8.529,-45.829,-36.505,-20.087,-39.058
106 38.629,-8.5,-39.896,-0.024,36.115,-2.085 45.435,-4.405,-46.439,-3.503,22.395,0.279 45.435,-4.405,-46.439,-3.503,22.395,0.279 30.84,1.267,-31.682,-34.401,23.852,-19.689 30.84,1.267,-31.682,-34.401,23.852,-19.689 51.42,9.374,-54.286,15.081,-7.752,-13.429 51.42,9.374,-54.286,15.081,-7.752,-13.429 numeric(0),numeric(0),numeric(0),numeric(0),numeric(0),numeric(0) numeric(0),numeric(0),numeric(0),numeric(0),numeric(0),numeric(0) 26.492,11.143,-33.147,6.928,34.127,26.275 26.492,11.143,-33.147,6.928,34.127,26.275 9.697,5.373,-13.991,-14.871,57.665,19.875
107 42.288,-12.136,-28.071,-3.849,4.095,12.66 35.439,-14.407,-24.228,6.686,10.87,-6.121 35.439,-14.407,-24.228,6.686,10.87,-6.121 58.258,-30.745,-42.984,4.247,3.289,9.334 58.258,-30.745,-42.984,4.247,3.289,9.334 45.454,-30.386,-35.542,-6.458,15.907,-25.529 45.454,-30.386,-35.542,-6.458,15.907,-25.529 33.345,-28.495,-27.592,5.189,12.99,-4.175 33.345,-28.495,-27.592,5.189,12.99,-4.175 42.228,-41.755,-37.481,10.311,-11.174,-9.661 42.228,-41.755,-37.481,10.311,-11.174,-9.661 43.854,-26.892,-39.281,12.103,27.087,-1.737 43.854,-26.892,-39.281,12.103,27.087,-1.737 101.483,-59.006,-93.026,9.503,29.626,4.741 101.483,-59.006,-93.026,9.503,29.626,4.741 50.325,-27.292,-47.265,-2.27,-8.442,-58.799 50.325,-27.292,-47.265,-2.27,-8.442,-58.799 54.716,-26.556,-54.051,4.268,-7.885,-11.375 54.716,-26.556,-54.051,4.268,-7.885,-11.375 66.945,-27.98,-68.843,6.805,9.564,-4.534
108 106.169,-32.148,-14.761,-4.045,9.519,18.405 92.49,-29.343,-23.461,-5.082,-5.034,-17.994 92.49,-29.343,-23.461,-5.082,-5.034,-17.994 45.459,-13.325,-13.423,12.21,-14.3,-10.479 45.459,-13.325,-13.423,12.21,-14.3,-10.479 46.193,-3.489,-12.019,-2.19,22.594,-14.515 46.193,-3.489,-12.019,-2.19,22.594,-14.515 84.158,7.151,-13.111,16.938,-4.502,-17.596 84.158,7.151,-13.111,16.938,-4.502,-17.596 71.751,-0.415,-4.459,-1.84,-19.251,-24.593 71.751,-0.415,-4.459,-1.84,-19.251,-24.593 91.894,-4.839,-4.439,-12.868,42.289,3.021 91.894,-4.839,-4.439,-12.868,42.289,3.021 106.169,-32.148,-14.761,-4.045,9.519,18.405
109 89.243,19.247,12.157,26.29,42.292,-17.515 53.54,15.086,7.709,11.735,-18.643,7.779 53.54,15.086,7.709,11.735,-18.643,7.779 98.543,40.911,11.485,-23.058,150.834,-19.495 98.543,40.911,11.485,-23.058,150.834,-19.495 100.757,47.752,10.712,5.686,-11.01,1.91 100.757,47.752,10.712,5.686,-11.01,1.91 39.729,23.413,2.226,4.049,10.843,0.342
110 -3.099,-25.205,63.283,4.155,67.406,-52.892 -0.864,-8.564,22.142,4.101,38.743,-0.306
111 55.22,-42.887,198.108,-0.881,16.572,-4.65 5.276,-4.483,13.349,0.557,13.55,-8.624
112 -34.262,-26.727,25.465,6.17,35.255,17.613 -10.681,-8.548,7.817,12.103,-8.354,8.903 -10.681,-8.548,7.817,12.103,-8.354,8.903 -41.583,-36.463,28.27,7.581,26.482,-5.225 -41.583,-36.463,28.27,7.581,26.482,-5.225 -9.488,-5.188,3.597,-7.769,-0.496,-18.041 -9.488,-5.188,3.597,-7.769,-0.496,-18.041 -13.293,-6.719,4.684,-0.139,38.819,-0.544 -13.293,-6.719,4.684,-0.139,38.819,-0.544 -63.662,-32.956,20.282,-6.586,33.682,12.016
113 50.318,-226.595,152.835,-2.129,22.016,-20.268 -0.357,-36.575,20.482,16.278,-0.255,-4.265 -0.357,-36.575,20.482,16.278,-0.255,-4.265 -0.434,-7.344,3.866,-11.399,1.715,-33.924 -0.434,-7.344,3.866,-11.399,1.715,-33.924 -13.785,-107.379,53.061,14.216,26.433,-3.436 -13.785,-107.379,53.061,14.216,26.433,-3.436 -4.165,-20.952,9.889,3.351,28.851,-32.678 -4.165,-20.952,9.889,3.351,28.851,-32.678 -16.146,-39.087,16.65,-10.89,29.404,-12.506 -16.146,-39.087,16.65,-10.89,29.404,-12.506 -23.243,-50.955,19.452,1.607,35.544,1.371 -23.243,-50.955,19.452,1.607,35.544,1.371 -54.167,-101.954,35.4,-13.21,16.7,-6.633 -54.167,-101.954,35.4,-13.21,16.7,-6.633 -5.563,-9.299,3.038,1.506,-29.823,-64.08 -5.563,-9.299,3.038,1.506,-29.823,-64.08 -24.611,-37.249,12.316,11.075,-9.506,-10.38 -24.611,-37.249,12.316,11.075,-9.506,-10.38 -152.438,-191.281,67.501,-4.203,20.147,-13.346
114 -152.438,-191.281,67.501,-4.203,20.147,-13.346 -40.7,-55.408,12.79,2.826,44.517,-5.917 -40.7,-55.408,12.79,2.826,44.517,-5.917 -12.623,-18.762,2.547,10.795,-9.834,5.185 -12.623,-18.762,2.547,10.795,-9.834,5.185 -11.751,-18.591,1.722,16.796,1.664,5.693 -11.751,-18.591,1.722,16.796,1.664,5.693 -21.749,-43.787,-3.156,0.409,24.495,-32.186 -21.749,-43.787,-3.156,0.409,24.495,-32.186 -14.02,-29.5,-2.681,14.846,0.867,6.941 -14.02,-29.5,-2.681,14.846,0.867,6.941 -15.862,-37.279,-5.962,0.133,33.661,2.094 -15.862,-37.279,-5.962,0.133,33.661,2.094 -46.923,-124.111,-24.753,10.451,8.709,18.313 -46.923,-124.111,-24.753,10.451,8.709,18.313 -5.602,-25.47,-7.343,4.929,-2.199,12.723 -5.602,-25.47,-7.343,4.929,-2.199,12.723 -2.741,-15.956,-6.251,23.662,10.421,-12.544
115 88.852,127.808,73.678,-1.069,12.441,-9.51 88.852,127.808,73.678,-1.069,12.441,-9.51
116 7.027,18.288,5.807,14.936,55.823,-2.098 7.027,18.288,5.807,14.936,55.823,-2.098 17.21,40.872,12.608,-6.344,46.13,5.391 17.21,40.872,12.608,-6.344,46.13,5.391
