 6.564,-11.926,1.529,-15.184,33.829,-35.602 2.355,-4.487,0.791,-1.099,30.18,5.24 2.355,-4.487,0.791,-1.099,30.18,5.24 78.634,-157.27,32.948,11.528,7.726,-1.497 2.355,-4.487,0.791,-1.099,30.18,5.24 5.65,-14.436,0.844,6.345,34.891,4.304 5.65,-14.436,0.844,6.345,34.891,4.304 128.345,-240.186,4.78,15.314,-4.302,-10.553 37.988,-58.886,-1.005,-4.689,29.076,1.914 128.345,-240.186,4.78,15.314,-4.302,-10.553 5.65,-14.436,0.844,6.345,34.891,4.304 7.149,-24.366,6.267,-6.814,20.326,-17.536 7.149,-24.366,6.267,-6.814,20.326,-17.536 11.8,-44.329,12.35,-22.275,37.562,-28.529 5.65,-14.436,0.844,6.345,34.891,4.304 11.077,-37.246,-3.319,-7.198,11.802,-15.452
 25.975,0.951,14.461,-0.016,19.143,-25.912 27.363,4.742,16.595,-2.505,17.525,-14.524 27.363,4.742,16.595,-2.505,17.525,-14.524 46.946,14.742,35.255,2.179,53.496,-26.645 76.368,45.841,81.132,-3.501,26.595,-29.551 46.946,14.742,35.255,2.179,53.496,-26.645 46.946,14.742,35.255,2.179,53.496,-26.645 28.412,7.183,23.311,-4.782,26.443,9.361 28.412,7.183,23.311,-4.782,26.443,9.361 127.197,28.091,113.551,41.044,27.278,19.749
 44.057,-5.22,-34.436,8.422,23.214,3.747 182.424,47.693,-106.061,5.719,22.667,-0.369 182.424,47.693,-106.061,5.719,22.667,-0.369 46.342,-8.417,-30.043,2.861,4.769,-25.932 46.342,-8.417,-30.043,2.861,4.769,-25.932 44.057,-5.22,-34.436,8.422,23.214,3.747
 6.298,-217.61,-260.29,-14.293,9.6,-12.283 -6.474,-52.425,-62.676,-9.614,21.29,-16.815 -6.474,-52.425,-62.676,-9.614,21.29,-16.815 -25.642,-93.442,-143.602,-6.478,30.755,-11.618 -25.642,-93.442,-143.602,-6.478,30.755,-11.618 -14.501,-45.841,-80.149,18.064,-0.171,-13.665 -14.501,-45.841,-80.149,18.064,-0.171,-13.665 -4.256,-33.571,-60.263,-15.361,25.438,-24.555 -4.256,-33.571,-60.263,-15.361,25.438,-24.555 -28.427,-186.831,-284.2,2.23,22.94,-11.701 -28.427,-186.831,-284.2,2.23,22.94,-11.701 -18.72,-122.696,-180.792,-4.876,23.451,-14.925 -18.72,-122.696,-180.792,-4.876,23.451,-14.925 6.298,-217.61,-260.29,-14.293,9.6,-12.283
 -25.878,-42.158,-14.868,14.402,-23.399,30.857 -28.132,-38.552,-12.6,28.013,12.734,8.968 -28.132,-38.552,-12.6,28.013,12.734,8.968 -36.549,-42.42,-9.253,3.488,43.778,0.196 -36.549,-42.42,-9.253,3.488,43.778,0.196 -16.409,-15.152,-6.422,26.618,40.427,5.599 -16.409,-15.152,-6.422,26.618,40.427,5.599 -50.079,-51.89,-34.061,-12.699,26.848,-12.866 -50.079,-51.89,-34.061,-12.699,26.848,-12.866 -28.132,-38.552,-12.6,28.013,12.734,8.968
 97.102,63.663,18.072,5.738,-13.71,-8.541 46.746,35.276,8.71,2.108,16.26,-2.396 3.154,1.54,-1.002,2.026,-32.165,18.878 27.584,5.31,-9.12,7.649,34.662,0.249 27.584,5.31,-9.12,7.649,34.662,0.249 84.158,7.151,-13.111,16.938,-4.502,-17.596 27.584,5.31,-9.12,7.649,34.662,0.249 34.756,10.724,-6.533,-3.134,38.618,-26.252 34.756,10.724,-6.533,-3.134,38.618,-26.252 32.242,12.38,-4.967,15.809,-7.817,-36.29 32.242,12.38,-4.967,15.809,-7.817,-36.29 62.659,33.127,-12.925,-0.424,14.758,-14.396 62.659,33.127,-12.925,-0.424,14.758,-14.396 135.315,100.082,-36.667,6.99,-6.608,-8.547 135.315,100.082,-36.667,6.99,-6.608,-8.547 16.13,13.483,-4.42,-3.244,20.118,-26.78 16.13,13.483,-4.42,-3.244,20.118,-26.78 87.167,75.855,-28.508,11.69,3.895,-16.516 87.167,75.855,-28.508,11.69,3.895,-16.516 20.29,15.864,-7.019,-19.583,-28.311,-10.303 20.29,15.864,-7.019,-19.583,-28.311,-10.303 3.154,1.54,-1.002,2.026,-32.165,18.878 75.131,52.289,-4.761,45.459,37.106,-107.24 16.13,13.483,-4.42,-3.244,20.118,-26.78 75.131,52.289,-4.761,45.459,37.106,-107.24 149.571,124.93,1.117,2.245,17.613,-2.422 149.571,124.93,1.117,2.245,17.613,-2.422 18.44,15.931,1.378,7.941,-15.529,-17.07 18.44,15.931,1.378,7.941,-15.529,-17.07 53.343,54.414,5.448,-13.676,-20.061,-30.304 53.343,54.414,5.448,-13.676,-20.061,-30.304 95.543,95.306,21.151,14.579,22.21,-6.663 95.543,95.306,21.151,14.579,22.21,-6.663 19.693,17.262,4.671,-0.612,46.188,0.068 19.693,17.262,4.671,-0.612,46.188,0.068 46.746,35.276,8.71,2.108,16.26,-2.396 46.746,35.276,8.71,2.108,16.26,-2.396 95.643,77.363,12.047,14.136,-9.355,-12.573 95.643,77.363,12.047,14.136,-9.355,-12.573 18.44,15.931,1.378,7.941,-15.529,-17.07
 33.288,30.498,23.262,1.453,22.709,-23.12 15.732,9.752,8.034,-16.121,11.472,-18.524 15.732,9.752,8.034,-16.121,11.472,-18.524 14.753,8.063,6.389,-4.328,6.993,-10.092 14.753,8.063,6.389,-4.328,6.993,-10.092 41.77,22.568,16.62,-2.964,19.927,-22.634
 41.955,-200.937,-17.049,-13.747,27.754,-13.576 80.74,-384.115,-39.213,-73.475,-54.064,-64.31 80.74,-384.115,-39.213,-73.475,-54.064,-64.31 128.921,-529.672,-152.236,-7.391,6.131,-16.435 128.921,-529.672,-152.236,-7.391,6.131,-16.435 11.867,-92.646,-24.27,-0.757,33.951,4.35 11.867,-92.646,-24.27,-0.757,33.951,4.35 8.558,-55.27,-8.103,-1.161,-24.027,-88.409 8.558,-55.27,-8.103,-1.161,-24.027,-88.409 41.955,-200.937,-17.049,-13.747,27.754,-13.576
 -66.942,79.706,-73.721,7.101,-17.556,-2.937 -133.35,153.954,-133.213,0.385,25.306,1.456 -133.35,153.954,-133.213,0.385,25.306,1.456 -38.12,41.407,-29.561,6.239,52.62,11.896
 -39.926,-33.844,12.787,12.506,-6.931,-4.577 -8.823,-5.933,3.699,-57.743,31.49,-102.416 -8.823,-5.933,3.699,-57.743,31.49,-102.416 -41.583,-36.463,28.27,7.581,26.482,-5.225 -41.583,-36.463,28.27,7.581,26.482,-5.225 -20.3,-23.25,20.286,10.667,-10.247,-22.918 -20.3,-23.25,20.286,10.667,-10.247,-22.918 -38.476,-39.135,46.692,-3.917,15.849,-20.809 -38.476,-39.135,46.692,-3.917,15.849,-20.809 -16.449,-12.861,16.495,23.25,36.68,-7.903 -16.449,-12.861,16.495,23.25,36.68,-7.903 -34.262,-26.727,25.465,6.17,35.255,17.613 -34.262,-26.727,25.465,6.17,35.255,17.613 -8.823,-5.933,3.699,-57.743,31.49,-102.416 -8.823,-5.933,3.699,-57.743,31.49,-102.416 -9.488,-5.188,3.597,-7.769,-0.496,-18.041 -9.488,-5.188,3.597,-7.769,-0.496,-18.041 -63.662,-32.956,20.282,-6.586,33.682,12.016
 56.126,136.91,-147.729,1.381,7.766,-12.093 5.157,14.277,-13.602,11.215,-8.724,-5.88 5.157,14.277,-13.602,11.215,-8.724,-5.88 7.683,21.713,-17.447,7.676,39.17,6.639
 -2.506,3.629,-18.981,-12.258,-0.216,14.508 -25.062,9.687,-133.349,6.247,23.807,22.997 -25.062,9.687,-133.349,6.247,23.807,22.997 -16.913,-1.357,-89.904,-10.67,15.708,-21.636
 -59.175,66.477,48.847,-8.655,24.699,-10.844 -32.631,37.775,19.631,-4.036,45.81,3.972 -32.631,37.775,19.631,-4.036,45.81,3.972 -9.299,13.272,8.335,-24.078,36.998,-13.939 -32.631,37.775,19.631,-4.036,45.81,3.972 -25.042,28.634,12.473,-17.084,24.464,-35.9 -25.042,28.634,12.473,-17.084,24.464,-35.9 -54.824,80.886,15.801,3.477,33.073,-19.42 -25.042,28.634,12.473,-17.084,24.464,-35.9 -39.69,40.218,11.864,0.395,-16.551,-10.704
 18.489,-26.888,-7.261,8.427,4.865,0.221 55.92,-79.117,-25.564,9.157,26.892,11.277 55.92,-79.117,-25.564,9.157,26.892,11.277 31.621,-30.021,-13.525,1.776,22.871,-9.485 31.621,-30.021,-13.525,1.776,22.871,-9.485 45.617,-37.521,-17.872,14.928,-1.142,-2.207 45.617,-37.521,-17.872,14.928,-1.142,-2.207 37.793,-26.441,-13.805,-1.171,53.016,4.063 37.793,-26.441,-13.805,-1.171,53.016,4.063 9.349,-6.127,-3.232,-1.012,17.791,-13.973 45.617,-37.521,-17.872,14.928,-1.142,-2.207 85.718,-67.776,-45.065,4.432,-5.369,8.636 85.718,-67.776,-45.065,4.432,-5.369,8.636 31.621,-30.021,-13.525,1.776,22.871,-9.485 55.92,-79.117,-25.564,9.157,26.892,11.277 8.799,-9.937,-6.266,9.705,-16.354,-20.871 31.621,-30.021,-13.525,1.776,22.871,-9.485 103.026,-110.655,-76.767,-0.344,-10.266,-5.542
 -8.981,8.002,-32.547,5.999,29.388,10.9 -36.799,18.4,-113.273,3.778,21.455,-5.19 -36.799,18.4,-113.273,3.778,21.455,-5.19 -53.421,18.667,-118.08,-11.69,14.961,-18.96 -53.421,18.667,-118.08,-11.69,14.961,-18.96 -210.973,73.12,-395.727,1.611,34.605,-4.798 -210.973,73.12,-395.727,1.611,34.605,-4.798 -2255.831,514.688,-3847.015,-3.677,128.816,11.222 -2255.831,514.688,-3847.015,-3.677,128.816,11.222 -14.784,4.415,-25.53,-11.677,-8.049,-4.094 -14.784,4.415,-25.53,-11.677,-8.049,-4.094 -226.221,96.166,-404.919,3.2,32.855,-6.31 -226.221,96.166,-404.919,3.2,32.855,-6.31 -100.395,48.38,-203.83,3.716,29.488,-3.949 -100.395,48.38,-203.83,3.716,29.488,-3.949 -90.888,78.252,-201.792,-0.72,28.564,-3.722 -180.186,213.567,-479.347,0.603,24.481,-4.367 -54.837,76.515,-159.873,7.493,27.803,8.415 -54.837,76.515,-159.873,7.493,27.803,8.415 -5.993,57.132,-75.396,-11.143,20.134,-10.258 -52.268,47.491,-117.38,-6.883,21.757,-14.974 -90.888,78.252,-201.792,-0.72,28.564,-3.722 -52.268,47.491,-117.38,-6.883,21.757,-14.974 -180.186,213.567,-479.347,0.603,24.481,-4.367 -5.993,57.132,-75.396,-11.143,20.134,-10.258 -13.558,81.541,-77.613,-3.245,21.274,-23.05 -54.837,76.515,-159.873,7.493,27.803,8.415 -130.675,218.376,-213.565,42.373,23.717,35.659
 49.17,26.807,113.163,-3.489,19.899,-12.124 14.426,5.669,27.102,-6.937,44.411,2.467 14.426,5.669,27.102,-6.937,44.411,2.467 79.837,20.168,146.837,-5.755,19.659,-7.597 79.837,20.168,146.837,-5.755,19.659,-7.597 38.521,6.88,59.204,3.652,17.441,-9.198 38.521,6.88,59.204,3.652,17.441,-9.198 8.6,0.345,14.41,16.438,42.335,2.34
 -0.495,-0.414,-1.157,-7.058,24.214,24.353 -50.954,-30.563,-104.479,-1.853,21.452,-12.274 -50.954,-30.563,-104.479,-1.853,21.452,-12.274 -70.726,-32.938,-105.309,0.34,10.164,-7.141 -70.726,-32.938,-105.309,0.34,10.164,-7.141 -69.546,-38.368,-86.039,-3.498,34.295,-21.993 -69.546,-38.368,-86.039,-3.498,34.295,-21.993 -80.8,-46.031,-92.356,-3.433,18.044,-13.085 -80.8,-46.031,-92.356,-3.433,18.044,-13.085 -89.371,-46.334,-92.16,-5.633,13.871,-14.839 -89.371,-46.334,-92.16,-5.633,13.871,-14.839 -82.403,-42.67,-82.642,-5.664,14.405,-15.323 -82.403,-42.67,-82.642,-5.664,14.405,-15.323 -197.912,-83.036,-176.341,2.124,23.239,-10.176 -197.912,-83.036,-176.341,2.124,23.239,-10.176 -13.563,-4.976,-10.773,-5.885,28.849,-6.085 -82.403,-42.67,-82.642,-5.664,14.405,-15.323 -12.359,-7.624,-10.694,-1.855,51.018,-36.42 -89.371,-46.334,-92.16,-5.633,13.871,-14.839 -54.086,-43.606,-62.903,-2.316,18.284,-10.684 -54.086,-43.606,-62.903,-2.316,18.284,-10.684 -61.873,-61.422,-78.787,-5.528,8.452,-14.179 -69.546,-38.368,-86.039,-3.498,34.295,-21.993 -25.772,-4.72,-30.098,-2.339,35.588,4.376 -25.772,-4.72,-30.098,-2.339,35.588,4.376 -80.117,-9.851,-96.989,-1.418,19.216,-11.189 -80.117,-9.851,-96.989,-1.418,19.216,-11.189 -80.491,-2.937,-98.485,-5.009,28.502,-10.966 -80.491,-2.937,-98.485,-5.009,28.502,-10.966 -71.588,7.916,-100.099,-9.239,33.686,-1.732 -71.588,7.916,-100.099,-9.239,33.686,-1.732 -58.063,6.159,-114.693,6.343,20.089,-1.01
 142.031,-73.265,257.766,-5.353,24.373,-11.302 14.098,-4.467,33.531,10.86,-15.459,-19.74 14.098,-4.467,33.531,10.86,-15.459,-19.74 55.22,-42.887,198.108,-0.881,16.572,-4.65 55.22,-42.887,198.108,-0.881,16.572,-4.65 5.276,-4.483,13.349,0.557,13.55,-8.624 5.276,-4.483,13.349,0.557,13.55,-8.624 142.031,-73.265,257.766,-5.353,24.373,-11.302 14.098,-4.467,33.531,10.86,-15.459,-19.74 3.008,-0.272,13.775,-17.759,-1.674,-40.279 3.008,-0.272,13.775,-17.759,-1.674,-40.279 55.22,-42.887,198.108,-0.881,16.572,-4.65
 -16.211,-5.11,5.369,2.368,40.257,6.956 -7.676,-2.489,4.269,1.996,37.132,36.151 -7.676,-2.489,4.269,1.996,37.132,36.151 -44.032,-5.199,23.842,-14.19,18.271,-15.5
 -6.266,-0.929,5.576,-1.379,28.312,13.158 -23.264,-5.804,18.948,-1.117,34.626,4.395
 0.049,40.426,30.699,-10.086,34.617,4.037 0.036,17.601,17.569,6.622,-13.671,-13.779 0.036,17.601,17.569,6.622,-13.671,-13.779 1.713,8.954,9.44,1.873,34.804,-2.49 1.713,8.954,9.44,1.873,34.804,-2.49 45.114,175.957,158.327,-3.397,27.592,-9.912 45.114,175.957,158.327,-3.397,27.592,-9.912 31.348,111.139,75.467,3.415,21.303,0.111 5.282,35.65,19.655,-0.944,24.538,-25.455 31.348,111.139,75.467,3.415,21.303,0.111 5.282,35.65,19.655,-0.944,24.538,-25.455 0.049,40.426,30.699,-10.086,34.617,4.037
 -5.342,55.194,-36.614,8.13,-8.969,-13.234 -3.394,46.917,-33.11,-2.532,32.674,6.245 -3.394,46.917,-33.11,-2.532,32.674,6.245 2.838,264.006,-186.822,4.374,28.595,-1.074 2.838,264.006,-186.822,4.374,28.595,-1.074 0.867,21.969,-15.839,-2.943,102.788,-9.851 0.867,21.969,-15.839,-2.943,102.788,-9.851 0.369,99.1,-91.817,-12.073,7.711,-16.739 0.867,21.969,-15.839,-2.943,102.788,-9.851 6.443,72.368,-49.143,1.37,23.29,-27.994 6.443,72.368,-49.143,1.37,23.29,-27.994 8.235,65.214,-46.835,-12.224,-10.194,-7.727
 -5.32,-4.564,-15.015,0.48,20.349,-14.302 -44.316,-54.422,-118.299,13.224,26.866,2.454 -5.32,-4.564,-15.015,0.48,20.349,-14.302 -9.972,-11.626,-25.292,-3.314,17.059,-18.996
 -44.746,12.037,-15.323,-24.359,117.332,13.603 -87.465,18.728,-37.647,9.877,-5.797,-46.791 -87.465,18.728,-37.647,9.877,-5.797,-46.791 -24.971,3.857,-8.056,1.176,12.134,0.262 -24.971,3.857,-8.056,1.176,12.134,0.262 -55.929,10.027,-14.99,-3.681,35.459,57.055 -55.929,10.027,-14.99,-3.681,35.459,57.055 -44.746,12.037,-15.323,-24.359,117.332,13.603 -55.929,10.027,-14.99,-3.681,35.459,57.055 -118.661,18.47,-23.037,-3.333,15.275,13.49 -118.661,18.47,-23.037,-3.333,15.275,13.49 -90.348,9.224,-15.691,6.528,25.681,2.427 -90.348,9.224,-15.691,6.528,25.681,2.427 -73.449,1.277,-22.671,-16.882,18.501,-8.463 -73.449,1.277,-22.671,-16.882,18.501,-8.463 -99.571,6.63,-33.101,6.534,-14.07,-10.468 -99.571,6.63,-33.101,6.534,-14.07,-10.468 -24.971,3.857,-8.056,1.176,12.134,0.262
 9.338,-48.285,-38.873,-7.104,37.731,9.902 25.673,-101.693,-80.025,3.326,9.285,-12.38 25.673,-101.693,-80.025,3.326,9.285,-12.38 6.354,-24.254,-18.967,-10.244,-38.072,-44.254 6.354,-24.254,-18.967,-10.244,-38.072,-44.254 3.946,-13.232,-10.429,-8.463,56.204,13.757 3.946,-13.232,-10.429,-8.463,56.204,13.757 8.695,-27.8,-22.679,2.508,41.608,8.931 8.695,-27.8,-22.679,2.508,41.608,8.931 39.672,-125.767,-108.096,-1.916,17.511,-25.809 39.672,-125.767,-108.096,-1.916,17.511,-25.809 12.654,-41.164,-36.776,15.482,-7.065,-19.27 12.654,-41.164,-36.776,15.482,-7.065,-19.27 11.085,-39.231,-36.829,9.311,20.943,-0.113 11.085,-39.231,-36.829,9.311,20.943,-0.113 17.202,-68.634,-65.317,-17.861,20.48,4.154 9.338,-48.285,-38.873,-7.104,37.731,9.902 7.429,-52.271,-43.839,8.235,16.431,-3.356
 -62.228,-83.279,63.356,1.1,21.339,-18.91 -18.458,-23.589,16.675,-8.755,36.646,3.088 -18.458,-23.589,16.675,-8.755,36.646,3.088 -12.176,-16.559,10.344,6.922,-12.751,-7.815 -12.176,-16.559,10.344,6.922,-12.751,-7.815 -22.633,-33.161,19.839,-11.482,25.55,4.776 -22.633,-33.161,19.839,-11.482,25.55,4.776 -24.824,-38.814,22.54,-10.082,19.845,-23.087 -24.824,-38.814,22.54,-10.082,19.845,-23.087 -33.656,-56.902,33.507,-14.356,29.365,-33.123 -33.656,-56.902,33.507,-14.356,29.365,-33.123 -48.908,-85.956,56.755,-10.229,23.355,-13.119
 -17.384,-2.449,-5.099,-2.971,36.722,-4.638 -24.977,-3.273,-7.469,-7.056,25.364,-19.179 -24.977,-3.273,-7.469,-7.056,25.364,-19.179 -44.806,-3.095,-14.197,-0.149,35.707,5.956 -44.806,-3.095,-14.197,-0.149,35.707,5.956 -87.011,-3.847,-36.29,-7.862,31.897,2.469 -87.011,-3.847,-36.29,-7.862,31.897,2.469 -13.594,-0.499,-6.265,-1.192,-6.933,-3.794 -87.011,-3.847,-36.29,-7.862,31.897,2.469 -41.239,-6.234,-18.046,12.092,1.585,-8.034 -41.239,-6.234,-18.046,12.092,1.585,-8.034 -24.977,-3.273,-7.469,-7.056,25.364,-19.179
 -14.607,-1.999,-22.801,17.496,-1.236,-36.108 -44.364,-5.172,-88.035,9.133,17.729,6.691 -42.169,-8.91,-73.723,-7.554,18.364,-16.432 -72.217,-4.779,-119.265,-6.63,24.051,-22.683
 7.437,-21.265,30.299,-1.496,36.524,-10.136 8.871,-21.494,29.475,-8.121,29.382,-1.604 8.871,-21.494,29.475,-8.121,29.382,-1.604 14.752,-29.922,33.513,-1.144,23.545,-6.694 14.752,-29.922,33.513,-1.144,23.545,-6.694 249.318,-348.796,363.041,2.645,7.428,-7.06 249.318,-348.796,363.041,2.645,7.428,-7.06 197.251,-232.113,307.601,-1.302,6.476,-1.315 249.318,-348.796,363.041,2.645,7.428,-7.06 12.263,-13.835,12.456,9.233,46.323,22.854 12.263,-13.835,12.456,9.233,46.323,22.854 28.278,-25.254,22.09,17.228,-13.469,-3.685 28.278,-25.254,22.09,17.228,-13.469,-3.685 16.104,-10.848,10.649,36.566,7.83,-14.464 249.318,-348.796,363.041,2.645,7.428,-7.06 16.888,-30.371,24.408,-14.982,12.792,-19.951 16.888,-30.371,24.408,-14.982,12.792,-19.951 45.35,-108.518,62.43,-11.661,16.296,-14.391
 61.58,-77.965,19.858,-5.831,15.713,-17.166 18.994,-23.134,7.794,0.397,26.847,-12.557 18.994,-23.134,7.794,0.397,26.847,-12.557 48.015,-57.406,21.336,12.956,15.641,1.984 48.015,-57.406,21.336,12.956,15.641,1.984 22.698,-25.507,9.871,-1.804,-5.697,-33.755 22.698,-25.507,9.871,-1.804,-5.697,-33.755 42.742,-49.404,17.595,3.02,-13.619,-10.97 42.742,-49.404,17.595,3.02,-13.619,-10.97 18.994,-23.134,7.794,0.397,26.847,-12.557
 1.247,18.747,-41.682,6.279,-0.67,3.177 0.306,11.875,-23.405,-13.01,75.341,9.909 0.306,11.875,-23.405,-13.01,75.341,9.909 18.097,156.562,-302.625,3.49,21.583,3.409 18.097,156.562,-302.625,3.49,21.583,3.409 1.247,18.747,-41.682,6.279,-0.67,3.177 18.097,156.562,-302.625,3.49,21.583,3.409 10.858,27.563,-42.379,-6.844,21.455,-19.522 10.858,27.563,-42.379,-6.844,21.455,-19.522 5.575,11.434,-15.985,4.26,30.944,-8.652
 -0.531,-18.798,28.818,15.984,24.548,-14.739 -0.436,-29.451,37.014,-1.712,13.417,-25.128 -0.436,-29.451,37.014,-1.712,13.417,-25.128 -8.82,-67.986,88.706,-6.311,17.968,-12.134 -8.82,-67.986,88.706,-6.311,17.968,-12.134 -2.063,-16.964,24.563,22.266,13.487,-8.307 -2.063,-16.964,24.563,22.266,13.487,-8.307 -0.531,-18.798,28.818,15.984,24.548,-14.739 -0.531,-18.798,28.818,15.984,24.548,-14.739 3.548,-10.83,27.735,11.956,6.698,28.114 3.548,-10.83,27.735,11.956,6.698,28.114 7.179,-14.064,44.025,14.098,14.759,5.603 7.179,-14.064,44.025,14.098,14.759,5.603 4.162,-12.164,43.002,-33.134,20.207,-22.39 4.162,-12.164,43.002,-33.134,20.207,-22.39 0.219,-2.382,7.695,22.246,-20.368,26.572 0.219,-2.382,7.695,22.246,-20.368,26.572 -9.178,-40.388,91.793,-6.268,17.14,-11.736 -9.178,-40.388,91.793,-6.268,17.14,-11.736 -5.432,-12.199,24.609,3.379,12.939,-8.427 -5.432,-12.199,24.609,3.379,12.939,-8.427 -5.532,-9.766,18.362,-13.133,43.047,14.627 -5.532,-9.766,18.362,-13.133,43.047,14.627 -9.925,-12.359,26.346,3.974,6.853,-8.126 -9.925,-12.359,26.346,3.974,6.853,-8.126 -34.416,-20.759,83.796,-2.2,27.753,-8.446 -34.416,-20.759,83.796,-2.2,27.753,-8.446 -48.765,-7.176,133.883,4.341,40.678,-7.96 -48.765,-7.176,133.883,4.341,40.678,-7.96 -40.508,5.081,108.219,-9.233,23.947,2.901
 -37.258,-74.304,-117.096,6.794,20.52,3.591 -10.706,-22.917,-30.311,-15.97,36.278,15.853 -10.706,-22.917,-30.311,-15.97,36.278,15.853 -50.756,-118.399,-140.852,-1.495,24.184,-3.528 -50.756,-118.399,-140.852,-1.495,24.184,-3.528 -22.825,-40.846,-54.265,10.938,-9.574,1.694 -22.825,-40.846,-54.265,10.938,-9.574,1.694 -10.706,-22.917,-30.311,-15.97,36.278,15.853 -22.825,-40.846,-54.265,10.938,-9.574,1.694 -37.258,-74.304,-117.096,6.794,20.52,3.591
 21.066,9.568,-35.952,-5.713,16.998,-17.851 9.697,5.373,-13.991,-14.871,57.665,19.875 9.697,5.373,-13.991,-14.871,57.665,19.875 23.756,16.101,-36.094,-9.315,17.974,-10.889 23.756,16.101,-36.094,-9.315,17.974,-10.889 86.901,64.883,-119.202,6.915,23.497,-28.039 86.901,64.883,-119.202,6.915,23.497,-28.039 20.045,16.79,-24.29,-1.227,19.3,-14.119 20.045,16.79,-24.29,-1.227,19.3,-14.119 26.323,22.219,-28.757,-26.209,15.624,0.76 26.323,22.219,-28.757,-26.209,15.624,0.76 27.296,26.885,-32.497,17.787,0.045,-3.574 27.296,26.885,-32.497,17.787,0.045,-3.574 2.839,3.381,-4.127,-16.792,115.355,-44.005 2.839,3.381,-4.127,-16.792,115.355,-44.005 21.799,33.76,-30.97,-9.298,19.221,-11.803 21.799,33.76,-30.97,-9.298,19.221,-11.803 28.005,43.729,-38.006,8.063,-15.363,-15.121 28.005,43.729,-38.006,8.063,-15.363,-15.121 19.462,40.754,-30.232,-8.35,19.697,-11.181 19.462,40.754,-30.232,-8.35,19.697,-11.181 30.61,68.78,-50.812,-15.292,43.758,7.119 30.61,68.78,-50.812,-15.292,43.758,7.119 20.075,51.992,-32.911,12.201,-10.501,-1.28 20.075,51.992,-32.911,12.201,-10.501,-1.28 8.889,13.539,-6.958,5.077,-16.606,-43.303 8.889,13.539,-6.958,5.077,-16.606,-43.303 54.323,73.271,-36.174,-11.795,19.038,-17.128 54.323,73.271,-36.174,-11.795,19.038,-17.128 56.38,66.905,-34.92,10.605,49.157,-1.999 56.38,66.905,-34.92,10.605,49.157,-1.999 17.349,17.715,-10.845,5.282,-21.716,-2.567 17.349,17.715,-10.845,5.282,-21.716,-2.567 10.171,8.927,-4.547,7.279,35.076,-6.174 10.171,8.927,-4.547,7.279,35.076,-6.174 29.293,28.393,-6.387,-29.606,-7.379,-39.282 29.293,28.393,-6.387,-29.606,-7.379,-39.282 23.685,27.206,-5.597,-1.413,-2.361,8.63 23.685,27.206,-5.597,-1.413,-2.361,8.63 1.899,2.541,-0.529,21.93,4.48,-2.507 1.899,2.541,-0.529,21.93,4.48,-2.507 5.007,7.37,-1.533,3.458,-1.904,32.214 5.007,7.37,-1.533,3.458,-1.904,32.214 74.322,194.425,-12.193,4.452,14.041,-5.48 74.322,194.425,-12.193,4.452,14.041,-5.48 54.856,162.771,-9.767,-6.808,18.307,-11.29 54.856,162.771,-9.767,-6.808,18.307,-11.29 19.238,63.815,-6.362,7.398,3.95,7.457 19.238,63.815,-6.362,7.398,3.95,7.457 6.156,26.586,-2.429,8.288,-12.217,-8.944 6.156,26.586,-2.429,8.288,-12.217,-8.944 59.992,265.917,-41.977,-1.649,2.947,-3.398 59.992,265.917,-41.977,-1.649,2.947,-3.398 11.406,30.58,-8.322,23.348,27.025,-37.876
 55.185,-116.944,40.712,-1.453,15.396,-26.889 77.994,-154.088,57.9,-3.62,-1.606,10.041 77.994,-154.088,57.9,-3.62,-1.606,10.041 52.685,-112.859,40.502,10.968,-1.368,-11.333 77.994,-154.088,57.9,-3.62,-1.606,10.041 41.183,-72.232,29.431,6.634,43.241,-2.056 41.183,-72.232,29.431,6.634,43.241,-2.056 23.389,-38.485,16.383,-17.264,41.584,3.15
 33.072,30.064,-28.37,11.76,40.182,24.569 8.33,9.257,-6.899,-16.945,18.651,45.837
 -5.266,31.714,9.461,1.871,-9.289,-13.869 -84.119,292.833,114.34,11.547,3.039,-1.654 -84.119,292.833,114.34,11.547,3.039,-1.654 -5.888,16.151,6.94,6.318,-12.526,-6.36 -5.888,16.151,6.94,6.318,-12.526,-6.36 -9.825,27.709,8.731,10.74,-10.209,-9.384 -9.825,27.709,8.731,10.74,-10.209,-9.384 -3.532,17.638,4.118,3.351,34.311,-9.649 -5.888,16.151,6.94,6.318,-12.526,-6.36 -28.15,63.284,35.133,11.484,3.932,-44.304 -28.15,63.284,35.133,11.484,3.932,-44.304 -17.374,35.447,17.905,-6.376,23.489,-1.85 -28.15,63.284,35.133,11.484,3.932,-44.304 -4.055,8.195,4.867,25.656,17.426,-0.3 -28.15,63.284,35.133,11.484,3.932,-44.304 -13.456,34.281,19.415,16.975,22.683,-11.132 -13.456,34.281,19.415,16.975,22.683,-11.132 -31.691,98.796,60.496,6.671,36.475,-12.911 -31.691,98.796,60.496,6.671,36.475,-12.911 -5.312,12.13,8.239,9.608,16.087,-6.132 -31.691,98.796,60.496,6.671,36.475,-12.911 -11.225,47.866,33.114,-7.544,34.268,7.642 -31.691,98.796,60.496,6.671,36.475,-12.911 -46.024,237.15,113.322,3.096,16.269,-9.243 -46.024,237.15,113.322,3.096,16.269,-9.243 -26.594,209.318,77.684,-0.344,42.195,-0.931 -46.024,237.15,113.322,3.096,16.269,-9.243 -6.562,65.281,27.195,-25.525,62.594,-12.776 -6.562,65.281,27.195,-25.525,62.594,-12.776 -7.067,108.713,45.141,33.601,21.97,1.985 -7.067,108.713,45.141,33.601,21.97,1.985 -0.785,43.678,18.781,0.064,29.038,-16.893
 291.187,376.307,822.152,12.393,-4.224,-2.249 27.28,46.047,105.37,-5.618,-1.628,-0.454 27.28,46.047,105.37,-5.618,-1.628,-0.454 192.507,650.415,1548.354,-16.017,-47.847,28.641 291.187,376.307,822.152,12.393,-4.224,-2.249 20.315,31.999,112.189,2.735,23.616,-10.232 20.315,31.999,112.189,2.735,23.616,-10.232 192.507,650.415,1548.354,-16.017,-47.847,28.641 20.315,31.999,112.189,2.735,23.616,-10.232 0.632,3.832,20.42,4.759,-18.786,-7.906
 -18.985,78.789,-17.284,30.24,103.661,-25.734 -34.881,122.13,-35.542,-8.493,27.619,-15.508 -34.881,122.13,-35.542,-8.493,27.619,-15.508 -245.261,981.189,-310.257,6.441,47.586,3.049 -245.261,981.189,-310.257,6.441,47.586,3.049 -0.494,2.477,-0.758,9.317,-11.805,-11.941 -0.494,2.477,-0.758,9.317,-11.805,-11.941 -285.015,1010.173,-463.662,-8.664,57.45,-2.849 -285.015,1010.173,-463.662,-8.664,57.45,-2.849 -129.733,421.761,-218.98,-3.833,34.302,-8.148 -129.733,421.761,-218.98,-3.833,34.302,-8.148 -80.393,237.475,-126.495,5.645,31.552,-2.074 -80.393,237.475,-126.495,5.645,31.552,-2.074 -190.762,496.337,-298.433,-6.062,46.068,-3.279 -27.498,105.142,-60.172,-7.64,23.093,-11.899 -93.703,339.496,-186.749,4.086,25.782,-2.142 -93.703,339.496,-186.749,4.086,25.782,-2.142 -129.733,421.761,-218.98,-3.833,34.302,-8.148 -93.703,339.496,-186.749,4.086,25.782,-2.142 -329.347,1366.118,-623.556,0.626,131.802,-32.09 -329.347,1366.118,-623.556,0.626,131.802,-32.09 -3.08,19.079,-6.751,-6.264,0.646,-7.748 -3.08,19.079,-6.751,-6.264,0.646,-7.748 -18.984,123.139,-52.796,-12.589,26.465,-0.387 -3.08,19.079,-6.751,-6.264,0.646,-7.748 -14.21,142.996,-46.569,-0.73,32.327,-10.802 -3.08,19.079,-6.751,-6.264,0.646,-7.748 -0.494,2.477,-0.758,9.317,-11.805,-11.941 -27.498,105.142,-60.172,-7.64,23.093,-11.899 -37.672,170.485,-111.267,5.528,15.724,-3.829 -8.071,90.819,-52.776,-5.572,28.376,-14.195 -27.498,105.142,-60.172,-7.64,23.093,-11.899 -245.261,981.189,-310.257,6.441,47.586,3.049 -18.985,78.789,-17.284,30.24,103.661,-25.734
 -18.53,-9.395,24.165,-3.475,18.771,-9.874 -13.342,-5.117,20.352,6.131,-13.111,-6.12 -13.342,-5.117,20.352,6.131,-13.111,-6.12 -13.776,-3.309,20.973,7.161,-12.068,-8.062 -13.776,-3.309,20.973,7.161,-12.068,-8.062 -13.463,-0.907,20.804,8.348,-11.684,-9.872 -13.463,-0.907,20.804,8.348,-11.684,-9.872 -17.299,4.335,33.191,4.676,23.956,-10.908 -17.299,4.335,33.191,4.676,23.956,-10.908 -13.103,3.398,20.361,7.207,-11.647,-7.828 -13.103,3.398,20.361,7.207,-11.647,-7.828 -15.095,0.406,20.553,8.431,-13.26,-9.677 -15.095,0.406,20.553,8.431,-13.26,-9.677 -13.463,-0.907,20.804,8.348,-11.684,-9.872 -15.095,0.406,20.553,8.431,-13.26,-9.677 -40.804,2.487,45.051,14.572,39.068,-1.111 -40.804,2.487,45.051,14.572,39.068,-1.111 -29.971,6.691,30.175,1.691,12.717,-6.847 -29.971,6.691,30.175,1.691,12.717,-6.847 -27.815,13.402,28.706,-2.347,38.868,6.015 -29.971,6.691,30.175,1.691,12.717,-6.847 -48.162,21.865,46.795,32.346,14.901,-5.365 -13.103,3.398,20.361,7.207,-11.647,-7.828 -77.667,48.482,126.314,17.365,-7.17,-1.392 -77.667,48.482,126.314,17.365,-7.17,-1.392 -6.694,5.005,10.575,7.134,70.223,-9.218 -6.694,5.005,10.575,7.134,70.223,-9.218 -53.668,51.996,80.573,-3.602,30.595,-16.688 -6.694,5.005,10.575,7.134,70.223,-9.218 -6.928,6.976,10.936,7.81,35.648,-0.31 -77.667,48.482,126.314,17.365,-7.17,-1.392 -15.505,9.784,30.56,-3.793,61.213,9.964 -15.505,9.784,30.56,-3.793,61.213,9.964 -16.628,21.618,48.637,6.904,48.968,3.525 -16.628,21.618,48.637,6.904,48.968,3.525 -8.583,6.495,21.181,-4.686,-11.682,0.14 -8.583,6.495,21.181,-4.686,-11.682,0.14 -17.299,4.335,33.191,4.676,23.956,-10.908
 27.996,-6.608,-27.316,7.881,-11.027,-13.052 66.945,-27.98,-68.843,6.805,9.564,-4.534 66.945,-27.98,-68.843,6.805,9.564,-4.534 18.673,-9.904,-22.635,1.329,20.5,-22.787 18.673,-9.904,-22.635,1.329,20.5,-22.787 34.993,-12.277,-39.608,12.044,32.759,-2.253 34.993,-12.277,-39.608,12.044,32.759,-2.253 38.629,-8.5,-39.896,-0.024,36.115,-2.085 38.629,-8.5,-39.896,-0.024,36.115,-2.085 27.996,-6.608,-27.316,7.881,-11.027,-13.052 34.993,-12.277,-39.608,12.044,32.759,-2.253 19.533,-5.154,-26.57,-4.785,-9.389,-0.44 34.993,-12.277,-39.608,12.044,32.759,-2.253 23.066,-7.433,-30.268,-4.287,22.083,-4.847 18.673,-9.904,-22.635,1.329,20.5,-22.787 50.325,-27.292,-47.265,-2.27,-8.442,-58.799 50.325,-27.292,-47.265,-2.27,-8.442,-58.799 43.854,-26.892,-39.281,12.103,27.087,-1.737
 -9.539,-106.172,110.412,-3.605,16.206,-12.528 -3.174,-194.108,147.626,3.845,26.116,-10.185 -3.174,-194.108,147.626,3.845,26.116,-10.185 -15.173,-94.947,72.84,-18.894,21.57,-7.284 -15.173,-94.947,72.84,-18.894,21.57,-7.284 -7.832,-41.922,32.478,-6.576,18.483,5.767 -7.832,-41.922,32.478,-6.576,18.483,5.767 -17.534,-88.243,67.327,-10.078,24.178,-14.33 -17.534,-88.243,67.327,-10.078,24.178,-14.33 -8.778,-25.099,21.472,0.502,-15.978,-5.738 -8.778,-25.099,21.472,0.502,-15.978,-5.738 -26.079,-66.292,65.133,5.886,26.25,12.772 -26.079,-66.292,65.133,5.886,26.25,12.772 -28.794,-61.566,71.156,4.043,23.138,2.295 -28.794,-61.566,71.156,4.043,23.138,2.295 -6.187,-9.966,10.73,66.776,44.864,-2.786 -8.778,-25.099,21.472,0.502,-15.978,-5.738 -3.073,-8.593,5.615,1.158,73.019,-21.963 -3.073,-8.593,5.615,1.158,73.019,-21.963 -16.146,-39.087,16.65,-10.89,29.404,-12.506 -16.146,-39.087,16.65,-10.89,29.404,-12.506 -23.243,-50.955,19.452,1.607,35.544,1.371 -3.073,-8.593,5.615,1.158,73.019,-21.963 -11.181,-41.939,26.004,-4.659,26.85,-7.343 -11.181,-41.939,26.004,-4.659,26.85,-7.343 -13.785,-107.379,53.061,14.216,26.433,-3.436 -13.785,-107.379,53.061,14.216,26.433,-3.436 -4.165,-20.952,9.889,3.351,28.851,-32.678 -0.434,-7.344,3.866,-11.399,1.715,-33.924 -0.357,-36.575,20.482,16.278,-0.255,-4.265 -0.357,-36.575,20.482,16.278,-0.255,-4.265 3.085,-93.719,51.47,-0.94,28.272,-10.811 -11.181,-41.939,26.004,-4.659,26.85,-7.343 -17.534,-88.243,67.327,-10.078,24.178,-14.33 -0.434,-7.344,3.866,-11.399,1.715,-33.924 -13.785,-107.379,53.061,14.216,26.433,-3.436
 11.906,23.88,-24.275,-9.597,-3.155,-40.503 21.902,18.486,-40.255,-4.641,6.319,1.604 21.902,18.486,-40.255,-4.641,6.319,1.604 15.176,15.663,-37.378,8.985,-12.445,-21.249
 -102.167,118.336,9.285,-0.288,22.224,0.329 -73.375,88.415,6.708,-9.324,27.734,-7.167 -73.375,88.415,6.708,-9.324,27.734,-7.167 -34.28,41.712,5.393,3.788,23.289,-0.395 -34.28,41.712,5.393,3.788,23.289,-0.395 -26.198,29.411,4.431,8.058,56.217,-3.476 -26.198,29.411,4.431,8.058,56.217,-3.476 -63.875,70.672,9.74,-15.135,29.521,-10.163 -63.875,70.672,9.74,-15.135,29.521,-10.163 -102.167,118.336,9.285,-0.288,22.224,0.329 -63.875,70.672,9.74,-15.135,29.521,-10.163 -32.329,33.655,4.86,0.587,31.829,5.537 -32.329,33.655,4.86,0.587,31.829,5.537 -26.075,22.995,1.405,-6.316,-19.186,-50.847 -26.075,22.995,1.405,-6.316,-19.186,-50.847 -126.733,95.516,-3.282,0.43,10.437,-3.035 -126.733,95.516,-3.282,0.43,10.437,-3.035 -13.697,10.591,-0.837,-13.597,0.03,-0.78 -13.697,10.591,-0.837,-13.597,0.03,-0.78 -43.003,33.723,-8.322,4.423,1.357,9.216 -43.003,33.723,-8.322,4.423,1.357,9.216 -66.227,41.593,-20.731,10.289,-14.922,-4.268 -66.227,41.593,-20.731,10.289,-14.922,-4.268 -29.939,15.488,-7.383,1.689,36.021,-20.089 -29.939,15.488,-7.383,1.689,36.021,-20.089 -65.657,28.518,-21.662,-9.369,53.862,-38.795 -65.657,28.518,-21.662,-9.369,53.862,-38.795 -38.472,12.2,-11.721,-15.253,-14.582,38.475 -38.472,12.2,-11.721,-15.253,-14.582,38.475 -33.789,3.999,-21.144,13.009,38.648,-4.007 -33.789,3.999,-21.144,13.009,38.648,-4.007 -78.778,2.438,-52.978,1.035,26.1,1.455 -78.778,2.438,-52.978,1.035,26.1,1.455 -62.601,-19.454,-27.986,19.662,13.375,-7.238 -62.601,-19.454,-27.986,19.662,13.375,-7.238 -33.898,-12.157,-15.413,11.634,-9.234,-5.595
 1.64,0.185,-7.294,7.417,80.001,-19.782 9.861,15.074,-63.823,8.027,41.443,-5.596 9.861,15.074,-63.823,8.027,41.443,-5.596 13.322,11.138,-43.563,-7.549,18.981,-16.021 13.322,11.138,-43.563,-7.549,18.981,-16.021 12.736,9.064,-40.011,5.661,-8.567,2.707 12.736,9.064,-40.011,5.661,-8.567,2.707 9.104,5.191,-19.357,-5.141,28.605,-12.032
 13.795,-11.589,-24.303,0.228,19.848,0.981 13.084,-15.933,-22.336,9.548,-0.065,7.408 13.084,-15.933,-22.336,9.548,-0.065,7.408 67.819,-70.962,-159.892,-1.228,28.394,-7.255 67.819,-70.962,-159.892,-1.228,28.394,-7.255 13.795,-11.589,-24.303,0.228,19.848,0.981
 147.716,-72.07,127.255,-1.812,10.589,-4.967 237.92,-97.957,240.971,-1.061,-3.864,-12.227 237.92,-97.957,240.971,-1.061,-3.864,-12.227 313.723,-130.702,373.592,2.472,-2.586,-8.388 313.723,-130.702,373.592,2.472,-2.586,-8.388 469.475,-207.757,600.602,-14.843,-15.033,-27.802 469.475,-207.757,600.602,-14.843,-15.033,-27.802 28.965,-12.963,40.954,25.519,-15.17,-36.791 28.965,-12.963,40.954,25.519,-15.17,-36.791 18.788,-7.659,24.424,-1.575,22.95,-8.052 18.788,-7.659,24.424,-1.575,22.95,-8.052 313.723,-130.702,373.592,2.472,-2.586,-8.388
 -12.611,194.282,-21.407,5.634,-6.513,-16.677 -25.823,204.282,-25.403,4.415,19.962,-7.301 -25.823,204.282,-25.403,4.415,19.962,-7.301 -39.158,120.761,-1.092,-4.7,16.52,3.109 -39.158,120.761,-1.092,-4.7,16.52,3.109 -3.869,37.174,3.002,2.159,15.104,3.106 -3.869,37.174,3.002,2.159,15.104,3.106 -6.936,177.23,7.743,0.02,22.236,-12.04 -39.158,120.761,-1.092,-4.7,16.52,3.109 -163.758,260.562,-16.041,5.508,39.129,-5.986 -163.758,260.562,-16.041,5.508,39.129,-5.986 -18.836,39.826,-7.413,10.017,15.966,-5.968
 -1.331,49.534,-13.217,3.383,28.007,-4.134 0.227,14.5,-3.661,2.95,0.556,10.029 0.227,14.5,-3.661,2.95,0.556,10.029 1.228,21.547,-5.711,2.396,15.626,-4.249 1.228,21.547,-5.711,2.396,15.626,-4.249 67.199,562.091,-181.996,-6.551,25.084,-3.363 67.199,562.091,-181.996,-6.551,25.084,-3.363 11.165,53.597,-15.911,-6.846,27.648,-12 67.199,562.091,-181.996,-6.551,25.084,-3.363 1.233,32.555,-12.427,-35.761,55.723,-135.351 1.233,32.555,-12.427,-35.761,55.723,-135.351 0.557,8.211,-3.4,11.323,-15.05,-10.946 0.557,8.211,-3.4,11.323,-15.05,-10.946 6.349,45.532,-17.426,-1.627,-20.157,-13.762 6.349,45.532,-17.426,-1.627,-20.157,-13.762 14.257,58.776,-24.892,-7.601,-5.99,-21.124 67.199,562.091,-181.996,-6.551,25.084,-3.363 6.349,45.532,-17.426,-1.627,-20.157,-13.762 11.165,53.597,-15.911,-6.846,27.648,-12 51.187,287.183,-68.295,-1.106,18.399,-11.198 11.165,53.597,-15.911,-6.846,27.648,-12 28.285,136.675,-32.072,11.766,15.27,-4.926 14.257,58.776,-24.892,-7.601,-5.99,-21.124 11.165,53.597,-15.911,-6.846,27.648,-12 28.285,136.675,-32.072,11.766,15.27,-4.926 14.372,68.053,-14.618,-3.616,23.558,-15.436 51.187,287.183,-68.295,-1.106,18.399,-11.198 18.403,104.324,-23.128,11.219,26.095,-2.071
 -10.634,0.508,2.768,-0.057,26.054,-5.792 -46.506,9.411,13.096,-8.493,16.131,-15.864 -46.506,9.411,13.096,-8.493,16.131,-15.864 -21.019,11.132,5.041,8.37,28.094,1.798 -21.019,11.132,5.041,8.37,28.094,1.798 -469.862,251.588,160.537,0.191,3.243,-1.395 -469.862,251.588,160.537,0.191,3.243,-1.395 -34.003,15.861,13.539,-2.193,-63.819,-39.751 -34.003,15.861,13.539,-2.193,-63.819,-39.751 -16.442,3.337,6.281,12.313,-14.918,-17.456 -16.442,3.337,6.281,12.313,-14.918,-17.456 -10.634,0.508,2.768,-0.057,26.054,-5.792 -34.003,15.861,13.539,-2.193,-63.819,-39.751 -69.409,33.595,33.397,8.732,-13.007,-9.027 -69.409,33.595,33.397,8.732,-13.007,-9.027 -29.062,18.026,16.685,6.18,42.077,-2.765 -29.062,18.026,16.685,6.18,42.077,-2.765 -53.196,35.259,28.114,4.179,15.535,-1.655 -16.442,3.337,6.281,12.313,-14.918,-17.456 -46.506,9.411,13.096,-8.493,16.131,-15.864
 -26.598,-42.138,-33.141,-1.554,0.685,-8.653 -20.734,-38.697,-32.789,6.335,-17.073,-27.306 -20.734,-38.697,-32.789,6.335,-17.073,-27.306 -51.553,-89.402,-81.786,-7.367,9.209,-18.303 -51.553,-89.402,-81.786,-7.367,9.209,-18.303 -26.598,-42.138,-33.141,-1.554,0.685,-8.653 -51.553,-89.402,-81.786,-7.367,9.209,-18.303 -57.389,-78.369,-84.936,-2.739,12.876,-13.068 -57.389,-78.369,-84.936,-2.739,12.876,-13.068 -131.224,-158.301,-176.532,-4.894,32.564,-21.879 -131.224,-158.301,-176.532,-4.894,32.564,-21.879 -44.026,-53.316,-50.72,-0.589,57.546,-10.95 -131.224,-158.301,-176.532,-4.894,32.564,-21.879 -60.952,-60.176,-80.247,-2.531,24.132,-15.004 -57.389,-78.369,-84.936,-2.739,12.876,-13.068 -28.655,-40.193,-45.339,-42.223,21.56,17.921 -28.655,-40.193,-45.339,-42.223,21.56,17.921 -14.272,-15.89,-27.435,-3.458,23.998,0.573 -14.272,-15.89,-27.435,-3.458,23.998,0.573 -73.355,-62.612,-104.837,-2.692,16.48,-14.753 -14.272,-15.89,-27.435,-3.458,23.998,0.573 -53.709,-44.23,-81.25,-4.654,15.166,-15.712 -73.355,-62.612,-104.837,-2.692,16.48,-14.753 -55.216,-40.925,-69.645,5.991,-3.383,-1.357 -73.355,-62.612,-104.837,-2.692,16.48,-14.753 -60.952,-60.176,-80.247,-2.531,24.132,-15.004
 -39.512,32.846,35.172,19.822,69.042,25.065 -24.719,20.955,24.245,-9.403,16.289,-16.988 -24.719,20.955,24.245,-9.403,16.289,-16.988 -123.084,116.263,134.446,3.067,35.238,-1.832 -123.084,116.263,134.446,3.067,35.238,-1.832 -8.497,8.449,10.707,3.973,48.439,5.601 -8.497,8.449,10.707,3.973,48.439,5.601 -49.89,69.406,80.234,-20.727,53.23,-23.867 -49.89,69.406,80.234,-20.727,53.23,-23.867 -20.275,51.005,63.613,-7.924,30.915,6.956 -20.275,51.005,63.613,-7.924,30.915,6.956 -7.081,27.741,46.579,-9.564,30.574,-9.098 -7.081,27.741,46.579,-9.564,30.574,-9.098 -2.114,24.627,41.155,1.38,-6.732,-0.566
 0.961,-5.908,4.81,4.657,16.953,0.578 7.362,-37.203,29.211,1.801,25.104,-11.089 7.362,-37.203,29.211,1.801,25.104,-11.089 50.318,-226.595,152.835,-2.129,22.016,-20.268 50.318,-226.595,152.835,-2.129,22.016,-20.268 43.111,-163.912,108.765,-7.159,16.034,-9.204 43.111,-163.912,108.765,-7.159,16.034,-9.204 44.484,-183.508,141.765,-12.385,19.743,-13.862 44.484,-183.508,141.765,-12.385,19.743,-13.862 7.362,-37.203,29.211,1.801,25.104,-11.089
 -88.383,37.903,-57.938,5.138,44.889,-1.726 -23.281,13.595,-19.509,-8.678,21.459,-16.358
 33.345,-28.495,-27.592,5.189,12.99,-4.175 42.228,-41.755,-37.481,10.311,-11.174,-9.661 42.228,-41.755,-37.481,10.311,-11.174,-9.661 65.134,-71.101,-64.501,-11.087,15.124,-0.889
 -38.249,-7.831,-97.161,-14.707,17.459,-40.881 -15.373,0.967,-35.815,-10.771,19.273,-12.273 -15.373,0.967,-35.815,-10.771,19.273,-12.273 -35.312,-5.036,-110.651,-2.003,28.57,-3.813 -35.312,-5.036,-110.651,-2.003,28.57,-3.813 -33.992,-5.564,-90.37,-2.263,18.152,-14.179 -33.992,-5.564,-90.37,-2.263,18.152,-14.179 -38.249,-7.831,-97.161,-14.707,17.459,-40.881
 3.808,-2.63,-20.689,-9.516,14.49,-38.844 6.504,-2.175,-45.25,-0.218,-12.589,-23.7 6.504,-2.175,-45.25,-0.218,-12.589,-23.7 -8.131,-6.068,-91.43,-20.755,36.847,-6.129 -8.131,-6.068,-91.43,-20.755,36.847,-6.129 3.808,-2.63,-20.689,-9.516,14.49,-38.844
 -21.57,-19.398,-149.868,6.268,10.632,-1.26 -3.333,-8.403,-46.063,-20.061,25.212,-8.65 -3.333,-8.403,-46.063,-20.061,25.212,-8.65 -3.398,-9.74,-46.597,-32.283,101.144,11.954
 -1.587,-14.453,3.239,6.011,-16.472,-12.604 -1.802,-24.949,1.998,-3.855,13.78,17.875 -5.602,-25.47,-7.343,4.929,-2.199,12.723 -1.802,-24.949,1.998,-3.855,13.78,17.875 -1.587,-14.453,3.239,6.011,-16.472,-12.604 -7.432,-26.651,4.568,-22.736,63.483,-10.394 -7.432,-26.651,4.568,-22.736,63.483,-10.394 -14.02,-29.5,-2.681,14.846,0.867,6.941 -14.02,-29.5,-2.681,14.846,0.867,6.941 -46.923,-124.111,-24.753,10.451,8.709,18.313 -46.923,-124.111,-24.753,10.451,8.709,18.313 -5.602,-25.47,-7.343,4.929,-2.199,12.723 -5.602,-25.47,-7.343,4.929,-2.199,12.723 -14.292,-113.998,-51.063,2.644,16.972,-9.084
 18.918,224.809,-7.652,-2.738,18.376,2.106 62.775,602.667,-12.713,-1.571,26.234,-3.59 62.775,602.667,-12.713,-1.571,26.234,-3.59 25.868,210.73,-1.108,0.282,16.088,0.48 -10.048,190.847,55.271,-6.536,25.308,-9.387 -11.16,214.016,54.263,-2.531,28.299,-14.355 -10.048,190.847,55.271,-6.536,25.308,-9.387 -21.029,1229.417,450.904,-8.041,121.005,27.885 -21.029,1229.417,450.904,-8.041,121.005,27.885 0.199,8.124,3.002,6.426,-11.323,-8.454 -11.16,214.016,54.263,-2.531,28.299,-14.355 -5.912,178.859,47.177,-7.862,27.645,-11.643 -5.912,178.859,47.177,-7.862,27.645,-11.643 0.199,8.124,3.002,6.426,-11.323,-8.454 -11.16,214.016,54.263,-2.531,28.299,-14.355 -0.487,46.832,7.961,-3.671,45.741,-0.771 -0.487,46.832,7.961,-3.671,45.741,-0.771 3.189,151.364,19.682,-19.358,20.224,10.501 3.189,151.364,19.682,-19.358,20.224,10.501 18.918,224.809,-7.652,-2.738,18.376,2.106 18.918,224.809,-7.652,-2.738,18.376,2.106 10.444,195.315,-33.327,-0.361,20.561,-4.64 10.444,195.315,-33.327,-0.361,20.561,-4.64 51.601,256.71,-37.74,1.777,20.742,-3.691 51.601,256.71,-37.74,1.777,20.742,-3.691 25.868,210.73,-1.108,0.282,16.088,0.48 25.868,210.73,-1.108,0.282,16.088,0.48 11.659,76.036,8.56,5.966,17.729,-2.852 11.659,76.036,8.56,5.966,17.729,-2.852 35.908,329.703,58.086,5.316,33.625,2.941 35.908,329.703,58.086,5.316,33.625,2.941 3.189,151.364,19.682,-19.358,20.224,10.501 11.659,76.036,8.56,5.966,17.729,-2.852 2.414,7.637,0.978,-9.619,28.385,3.398 2.414,7.637,0.978,-9.619,28.385,3.398 76.009,245.568,25.228,8.721,21.136,3.469 76.009,245.568,25.228,8.721,21.136,3.469 53.728,179.596,8.212,-22.739,19.981,-13.599 53.728,179.596,8.212,-22.739,19.981,-13.599 62.912,228.978,7.106,4.636,14.368,-6.852 2.414,7.637,0.978,-9.619,28.385,3.398 19.762,63.265,10.379,7.042,24.159,-5.54 19.762,63.265,10.379,7.042,24.159,-5.54 9.839,33.698,6.285,-1.846,17.854,-19.072 -5.912,178.859,47.177,-7.862,27.645,-11.643 -0.487,46.832,7.961,-3.671,45.741,-0.771
 17.85,-24.201,-45.841,-8.849,15.373,-13.953 3.025,-2.396,-8.416,17.508,-9.347,41.714 3.025,-2.396,-8.416,17.508,-9.347,41.714 11.175,-12.748,-38.443,-3.758,-8.639,-4.092 11.175,-12.748,-38.443,-3.758,-8.639,-4.092 1.312,-2.085,-5.58,9.063,51.38,6.655 1.312,-2.085,-5.58,9.063,51.38,6.655 17.85,-24.201,-45.841,-8.849,15.373,-13.953 1.312,-2.085,-5.58,9.063,51.38,6.655 4.721,-8.129,-30.578,-0.186,24.779,1.884 4.721,-8.129,-30.578,-0.186,24.779,1.884 3.925,-20.654,-62.571,-9.363,51.262,-0.629 3.925,-20.654,-62.571,-9.363,51.262,-0.629 18.145,-71.513,-175.801,-0.145,-29.511,-30.609 18.145,-71.513,-175.801,-0.145,-29.511,-30.609 1.312,-2.085,-5.58,9.063,51.38,6.655 18.145,-71.513,-175.801,-0.145,-29.511,-30.609 35.453,-152.901,-297.54,-6.104,13.617,-17.9 35.453,-152.901,-297.54,-6.104,13.617,-17.9 6.938,-68.219,-126.26,1.042,-6.673,-9.993 6.938,-68.219,-126.26,1.042,-6.673,-9.993 0.681,-18.195,-36.789,2.263,38.455,-6.359 0.681,-18.195,-36.789,2.263,38.455,-6.359 35.453,-152.901,-297.54,-6.104,13.617,-17.9 0.681,-18.195,-36.789,2.263,38.455,-6.359 -2.996,-48.07,-102,-3.681,31.044,-5.675
 138.682,8.018,37.699,5.749,0.669,-6.018 38.311,-9.417,10.723,1.179,11.904,-9.009 51.433,-12.878,28.29,2.792,54.442,38.824 53.599,-18.717,33.071,8.474,1.366,-5.014 53.599,-18.717,33.071,8.474,1.366,-5.014 65.588,-34.425,48.421,-2.759,-26.979,-26.409 51.433,-12.878,28.29,2.792,54.442,38.824 29.97,-9.449,14.388,23.18,17.642,0.054 29.97,-9.449,14.388,23.18,17.642,0.054 101.167,-33.59,46.495,8.236,30.426,-6.694 101.167,-33.59,46.495,8.236,30.426,-6.694 9.335,-5.015,5.02,2.863,17.186,-1.002 9.335,-5.015,5.02,2.863,17.186,-1.002 25.626,-17.18,14.812,-2.561,10.83,-1.492 38.311,-9.417,10.723,1.179,11.904,-9.009 15.123,-5.009,3.436,7.703,16.416,-38.424 15.123,-5.009,3.436,7.703,16.416,-38.424 57.962,-20.679,11.774,14.776,19.131,-1.888 57.962,-20.679,11.774,14.776,19.131,-1.888 24.964,-12.968,3.055,10.064,37.392,3.312 24.964,-12.968,3.055,10.064,37.392,3.312 172.77,-116.331,36.258,20.693,22.338,2.22 25.975,0.951,14.461,-0.016,19.143,-25.912 51.433,-12.878,28.29,2.792,54.442,38.824 25.975,0.951,14.461,-0.016,19.143,-25.912 138.682,8.018,37.699,5.749,0.669,-6.018 51.433,-12.878,28.29,2.792,54.442,38.824 38.311,-9.417,10.723,1.179,11.904,-9.009
 -2.906,13.618,-26.124,1.107,40.792,-2.203 1.406,31.647,-47.26,-22.489,-5.704,-25.299 1.406,31.647,-47.26,-22.489,-5.704,-25.299 0.684,12.32,-15.273,0.445,16.669,-8.184
 156.087,232.105,176.743,5.586,25.426,-2.755 114.964,187.846,136.996,4.336,24.217,1.021 114.964,187.846,136.996,4.336,24.217,1.021 167.128,286.479,239.126,25.813,47.239,45.059 167.128,286.479,239.126,25.813,47.239,45.059 76.156,129.1,125.817,-2.395,18.963,-16.453 76.156,129.1,125.817,-2.395,18.963,-16.453 59.861,87.855,117.193,-0.142,31.536,-18.168 59.861,87.855,117.193,-0.142,31.536,-18.168 62.885,77.881,118.709,-5.423,21.534,-13.871 62.885,77.881,118.709,-5.423,21.534,-13.871 30.697,32.01,59.95,1.932,2.27,1.531 30.697,32.01,59.95,1.932,2.27,1.531 126.232,116.378,253.546,-4.55,28.078,-11.83 62.885,77.881,118.709,-5.423,21.534,-13.871 14.189,15.239,18.072,1.914,2.514,2.48 14.189,15.239,18.072,1.914,2.514,2.48 50.772,53.119,59.165,-5.875,77.147,-19.576 50.772,53.119,59.165,-5.875,77.147,-19.576 22.33,20.566,23.991,-6.384,42.86,-6.34
 25.733,-23.509,6.228,-3.893,13.891,-28.124 13.661,-12.035,3.213,-5.756,10.014,-28.934 13.661,-12.035,3.213,-5.756,10.014,-28.934 75.617,-61.84,11.667,6.127,27.427,3.538 75.617,-61.84,11.667,6.127,27.427,3.538 43.818,-38.15,5.336,0.612,21.334,-27.443 43.818,-38.15,5.336,0.612,21.334,-27.443 25.733,-23.509,6.228,-3.893,13.891,-28.124
 -1.469,3.176,0.32,11.847,2.822,-17.528 -18.21,45.556,7.148,2.409,25.811,-5.771
 -23.042,6.901,16.355,-37.579,-2.055,-23.62 -34.819,14.801,28.208,-6.757,33.87,-16.074 -34.819,14.801,28.208,-6.757,33.87,-16.074 -19.827,10.605,15.888,6.787,-11.386,-7.942 -19.827,10.605,15.888,6.787,-11.386,-7.942 -37.924,28.005,34.754,3.532,-5.021,-12.133 -19.827,10.605,15.888,6.787,-11.386,-7.942 -23.042,6.901,16.355,-37.579,-2.055,-23.62
 31.269,-76.712,38.041,-72.818,33.88,-77.904 33.189,-56.853,34.641,6.79,28.81,-9.699
 1.343,1.048,132.615,-11.448,26.328,-17.093 -0.403,-3.306,55.829,4.433,14.406,-8.05 -0.403,-3.306,55.829,4.433,14.406,-8.05 -4.458,-13.318,100.404,8.862,-2.178,3.058 -4.458,-13.318,100.404,8.862,-2.178,3.058 -13.011,-19.301,107.61,9.489,-4.51,-12.347 -13.011,-19.301,107.61,9.489,-4.51,-12.347 -3.184,-6.639,29.003,5.821,37.606,-1.824 -3.184,-6.639,29.003,5.821,37.606,-1.824 -29.797,-35.741,141.814,-1.389,18.256,0.099 -29.797,-35.741,141.814,-1.389,18.256,0.099 -8.058,-7.43,38.619,-5.975,2.849,16.973 -8.058,-7.43,38.619,-5.975,2.849,16.973 -13.011,-19.301,107.61,9.489,-4.51,-12.347
 48.614,14.952,-73.305,16.182,13.993,-4.672 numeric(0),numeric(0),numeric(0),numeric(0),numeric(0),numeric(0) numeric(0),numeric(0),numeric(0),numeric(0),numeric(0),numeric(0) 17.221,1.978,-16.553,11.035,13.435,-6.828 17.221,1.978,-16.553,11.035,13.435,-6.828 48.614,14.952,-73.305,16.182,13.993,-4.672 numeric(0),numeric(0),numeric(0),numeric(0),numeric(0),numeric(0) 26.492,11.143,-33.147,6.928,34.127,26.275 26.492,11.143,-33.147,6.928,34.127,26.275 63.694,34.456,-75.786,-5.844,-55.352,-32.843 63.694,34.456,-75.786,-5.844,-55.352,-32.843 numeric(0),numeric(0),numeric(0),numeric(0),numeric(0),numeric(0) numeric(0),numeric(0),numeric(0),numeric(0),numeric(0),numeric(0) 50.455,20.479,-51.347,-26.763,-17.648,-71.236 50.455,20.479,-51.347,-26.763,-17.648,-71.236 17.221,1.978,-16.553,11.035,13.435,-6.828 17.221,1.978,-16.553,11.035,13.435,-6.828 19.084,2.198,-17.483,22.707,31.465,-82.685 19.084,2.198,-17.483,22.707,31.465,-82.685 30.84,1.267,-31.682,-34.401,23.852,-19.689 30.84,1.267,-31.682,-34.401,23.852,-19.689 17.221,1.978,-16.553,11.035,13.435,-6.828
 96.78,27.212,62.343,14.755,12.972,-9.389 105.454,35.156,50.855,7.452,12.869,-7.987 96.78,27.212,62.343,14.755,12.972,-9.389 82.363,29.761,45.131,3.398,13.762,-1.939 82.363,29.761,45.131,3.398,13.762,-1.939 105.454,35.156,50.855,7.452,12.869,-7.987 105.454,35.156,50.855,7.452,12.869,-7.987 101.738,42.915,30.302,7.724,20.097,2.286 101.738,42.915,30.302,7.724,20.097,2.286 75.809,37.547,13.638,-2.641,30.795,17.864 75.809,37.547,13.638,-2.641,30.795,17.864 39.729,23.413,2.226,4.049,10.843,0.342 39.729,23.413,2.226,4.049,10.843,0.342 48.236,26.069,3.054,23.115,19.502,7.88 48.236,26.069,3.054,23.115,19.502,7.88 100.757,47.752,10.712,5.686,-11.01,1.91 100.757,47.752,10.712,5.686,-11.01,1.91 98.543,40.911,11.485,-23.058,150.834,-19.495 98.543,40.911,11.485,-23.058,150.834,-19.495 53.54,15.086,7.709,11.735,-18.643,7.779 53.54,15.086,7.709,11.735,-18.643,7.779 176.504,37.751,23.122,-18.934,94.025,4.011 176.504,37.751,23.122,-18.934,94.025,4.011 139.669,12.587,20.184,13.993,-1.58,8.566 139.669,12.587,20.184,13.993,-1.58,8.566 32.792,-0.099,3.947,3.152,23.347,-17.243 32.792,-0.099,3.947,3.152,23.347,-17.243 13.595,-1.192,1.344,10.365,23.649,-27.733 13.595,-1.192,1.344,10.365,23.649,-27.733 31.941,-2.507,0.996,8.912,-20.646,-23.19 31.941,-2.507,0.996,8.912,-20.646,-23.19 48.701,-7.076,1.079,1.637,20.277,-22.422 48.701,-7.076,1.079,1.637,20.277,-22.422 41.496,-7.847,2.422,14.395,152.451,2.794 41.496,-7.847,2.422,14.395,152.451,2.794 51.141,-7.195,5.774,2.998,-31.662,-9.89 51.141,-7.195,5.774,2.998,-31.662,-9.89 13.595,-1.192,1.344,10.365,23.649,-27.733
 6.451,-1.799,-3.808,5.483,10.952,-8.228 125.047,-45.109,-67.861,7.531,13.838,-1.919 125.047,-45.109,-67.861,7.531,13.838,-1.919 200.334,-114.689,-125.095,5.689,18.67,2.487 200.334,-114.689,-125.095,5.689,18.67,2.487 70.778,-46.08,-50.543,1.406,-20.14,-6.933 70.778,-46.08,-50.543,1.406,-20.14,-6.933 13.805,-7.175,-9.931,5.643,39.355,9.787 13.805,-7.175,-9.931,5.643,39.355,9.787 35.439,-14.407,-24.228,6.686,10.87,-6.121 35.439,-14.407,-24.228,6.686,10.87,-6.121 42.288,-12.136,-28.071,-3.849,4.095,12.66
 -5.726,12.03,-42.53,-13.811,12.79,-45.342 -4.03,13.029,-38.51,-10.527,18.555,4.197 -4.03,13.029,-38.51,-10.527,18.555,4.197 -38.167,61.121,-184.034,7.925,39.987,0.898 -38.167,61.121,-184.034,7.925,39.987,0.898 -5.726,12.03,-42.53,-13.811,12.79,-45.342 -38.167,61.121,-184.034,7.925,39.987,0.898 -25.982,74.578,-195.049,-1.491,17.28,-18.944 -38.167,61.121,-184.034,7.925,39.987,0.898 -7.952,10.773,-30.269,10.793,-5.362,-34.705 -7.952,10.773,-30.269,10.793,-5.362,-34.705 -11.017,10.785,-35.282,9.462,-8.771,-13.998 -11.017,10.785,-35.282,9.462,-8.771,-13.998 -38.167,61.121,-184.034,7.925,39.987,0.898
 -9.379,15.076,-8.019,-16.545,41.157,-15.029 -35.839,69.564,-36.344,10.618,10.362,4.614 -35.839,69.564,-36.344,10.618,10.362,4.614 -45.719,130.657,-104.68,3.695,18.241,-5.372 -45.719,130.657,-104.68,3.695,18.241,-5.372 -13.558,81.541,-77.613,-3.245,21.274,-23.05 -13.558,81.541,-77.613,-3.245,21.274,-23.05 -7.654,34.572,-43.131,-10.869,7.2,-38.878 -7.654,34.572,-43.131,-10.869,7.2,-38.878 -16.227,39.551,-40.288,-22.179,99.269,-21.924 -16.227,39.551,-40.288,-22.179,99.269,-21.924 -130.675,218.376,-213.565,42.373,23.717,35.659 -130.675,218.376,-213.565,42.373,23.717,35.659 -9.379,15.076,-8.019,-16.545,41.157,-15.029
 10.181,20.514,-43.945,3.238,28.529,-26.527 4.109,8.47,-15.856,4.707,0.131,-32.393 4.109,8.47,-15.856,4.707,0.131,-32.393 40.014,68.438,-145.406,-11.473,-5.129,-4.432 40.014,68.438,-145.406,-11.473,-5.129,-4.432 7.098,10.544,-27.02,-18.503,50.68,-41.225 7.098,10.544,-27.02,-18.503,50.68,-41.225 10.181,20.514,-43.945,3.238,28.529,-26.527
 10.113,-110.094,-63.389,17.641,27.3,-4.392 2.562,-20.887,-10.002,-10.878,46.816,0.083 2.754,-35.739,-26.778,-28.901,18.181,-28.909 3.817,-36.058,-24.813,-11.043,25.952,-12.852 3.817,-36.058,-24.813,-11.043,25.952,-12.852 0.649,-25.602,-15.04,-7.694,-6.225,-33.179 0.649,-25.602,-15.04,-7.694,-6.225,-33.179 -17.099,-314.725,-166.397,-7.303,19.679,-9.997 0.649,-25.602,-15.04,-7.694,-6.225,-33.179 10.113,-110.094,-63.389,17.641,27.3,-4.392 10.113,-110.094,-63.389,17.641,27.3,-4.392 3.817,-36.058,-24.813,-11.043,25.952,-12.852 3.817,-36.058,-24.813,-11.043,25.952,-12.852 6.326,-22.578,-13.472,3.469,-19.081,-10.553 6.326,-22.578,-13.472,3.469,-19.081,-10.553 12.938,-64.084,-33.298,21.332,-15.765,-9.845 12.938,-64.084,-33.298,21.332,-15.765,-9.845 10.113,-110.094,-63.389,17.641,27.3,-4.392 12.938,-64.084,-33.298,21.332,-15.765,-9.845 2.562,-20.887,-10.002,-10.878,46.816,0.083 2.562,-20.887,-10.002,-10.878,46.816,0.083 numeric(0),numeric(0),numeric(0),numeric(0),numeric(0),numeric(0) 6.326,-22.578,-13.472,3.469,-19.081,-10.553 9.508,-31.623,-17.315,-2.94,-21.399,-60.297 9.508,-31.623,-17.315,-2.94,-21.399,-60.297 14.951,-60.794,-30.937,0.26,18.171,-10.752 14.951,-60.794,-30.937,0.26,18.171,-10.752 12.938,-64.084,-33.298,21.332,-15.765,-9.845 14.951,-60.794,-30.937,0.26,18.171,-10.752 27.65,-107.438,-42.823,12.964,25.443,0.075 27.65,-107.438,-42.823,12.964,25.443,0.075 10.864,-37.465,-15.556,20.643,-15.831,-20.886 10.864,-37.465,-15.556,20.643,-15.831,-20.886 46.374,-131.622,-47.924,-2.057,-16.088,-13.047 46.374,-131.622,-47.924,-2.057,-16.088,-13.047 13.283,-35.681,-12.259,-3.901,-4.009,3.527 9.508,-31.623,-17.315,-2.94,-21.399,-60.297 29.999,-67.356,-33.944,-6.922,21.651,-0.678 29.999,-67.356,-33.944,-6.922,21.651,-0.678 62.126,-104.781,-63.981,25.117,-0.442,3.608 62.126,-104.781,-63.981,25.117,-0.442,3.608 83.784,-145.504,-118.777,-1.571,14.415,-20.498 83.784,-145.504,-118.777,-1.571,14.415,-20.498 20.007,-36.37,-37.203,22.718,-28.486,-13.874 20.007,-36.37,-37.203,22.718,-28.486,-13.874 15.003,-39.142,-35.949,0.175,22.796,-23.212 20.007,-36.37,-37.203,22.718,-28.486,-13.874 10.788,-28.394,-30.162,18.394,4.845,-17.369
 -16.049,-138.75,-105.65,-5.342,18.126,-18.021 -8.785,-114.748,-93.293,-2.852,22.458,-5.123 -8.785,-114.748,-93.293,-2.852,22.458,-5.123 -29.202,-538.527,-454.583,1.806,32.988,4.25 -29.202,-538.527,-454.583,1.806,32.988,4.25 -6.654,-67.017,-62.797,2.588,-0.708,-0.985 -6.654,-67.017,-62.797,2.588,-0.708,-0.985 -3.401,-16.055,-15.432,10.734,39.325,-3.864 -3.401,-16.055,-15.432,10.734,39.325,-3.864 -358.452,-1210.025,-1150.833,9.946,36.254,-2.63 -358.452,-1210.025,-1150.833,9.946,36.254,-2.63 -35.433,-115.662,-94.672,2.451,29.978,3.021 -35.433,-115.662,-94.672,2.451,29.978,3.021 -4.842,-15.396,-11.007,-49.3,32.099,-17.886 -4.842,-15.396,-11.007,-49.3,32.099,-17.886 -45.96,-119.547,-68.721,-3.527,7.321,-14.606 -45.96,-119.547,-68.721,-3.527,7.321,-14.606 -58.543,-140.308,-75.575,-3.31,13.302,-15.392 -58.543,-140.308,-75.575,-3.31,13.302,-15.392 -69.333,-120.492,-57.928,2.911,17.47,-21.625 -58.543,-140.308,-75.575,-3.31,13.302,-15.392 -46.814,-80.155,-45.503,-1.037,10.272,-10.213 -58.543,-140.308,-75.575,-3.31,13.302,-15.392 -55.881,-102.321,-41.986,-0.654,7.074,-13.417
 -27.963,-43.733,-3.111,-15.311,20.933,-6.206 -11.751,-18.591,1.722,16.796,1.664,5.693 -11.751,-18.591,1.722,16.796,1.664,5.693 -12.623,-18.762,2.547,10.795,-9.834,5.185 -12.623,-18.762,2.547,10.795,-9.834,5.185 -40.7,-55.408,12.79,2.826,44.517,-5.917 -40.7,-55.408,12.79,2.826,44.517,-5.917 -24.611,-37.249,12.316,11.075,-9.506,-10.38 -24.611,-37.249,12.316,11.075,-9.506,-10.38 -5.563,-9.299,3.038,1.506,-29.823,-64.08 -5.563,-9.299,3.038,1.506,-29.823,-64.08 -60.423,-93.704,36.532,-12.711,34.075,-58.877 -60.423,-93.704,36.532,-12.711,34.075,-58.877 -24.611,-37.249,12.316,11.075,-9.506,-10.38 9.98,-39.863,3.02,-1.804,44.585,2.922 1.719,-18.439,-0.938,-47.573,-8.229,-61.864 1.719,-18.439,-0.938,-47.573,-8.229,-61.864 -3.858,-47.475,-10.888,-13.943,35.599,-5.292 -3.858,-47.475,-10.888,-13.943,35.599,-5.292 -2.863,-29.179,-8.075,-1.543,46.841,3.954 -2.863,-29.179,-8.075,-1.543,46.841,3.954 -10.378,-60.125,-13.914,12.032,-8.538,-0.994
 -103.973,42.912,-1.251,-2.969,23.891,-12.708 -115.275,61.333,-0.847,-1.884,10.16,-6.027
 0.906,7.349,-30.471,-14.393,57.216,-45.287 15.441,44.258,-135.602,2.282,26.816,-3.697
 5.282,35.65,19.655,-0.944,24.538,-25.455 37.416,106.021,47.624,7.674,16.806,-4.985 37.416,106.021,47.624,7.674,16.806,-4.985 16.396,38.917,14.69,-5.723,45.117,5.566 7.027,18.288,5.807,14.936,55.823,-2.098 12.392,126.638,49.207,0.688,22.904,-3.668 18.823,40.27,12.434,-6.557,46.043,5.582 19.295,42.801,14.841,-6.518,45.866,5.592 18.823,40.27,12.434,-6.557,46.043,5.582 60.407,105.349,26.901,12.897,14.714,-3.355 60.407,105.349,26.901,12.897,14.714,-3.355 55.2,68.663,13.999,14.816,-31.683,-36.836 7.027,18.288,5.807,14.936,55.823,-2.098 16.396,38.917,14.69,-5.723,45.117,5.566 7.027,18.288,5.807,14.936,55.823,-2.098 17.21,40.872,12.608,-6.344,46.13,5.391 17.21,40.872,12.608,-6.344,46.13,5.391 18.823,40.27,12.434,-6.557,46.043,5.582 16.396,38.917,14.69,-5.723,45.117,5.566 18.084,41.339,14.598,-6.354,45.672,5.389 18.084,41.339,14.598,-6.354,45.672,5.389 19.295,42.801,14.841,-6.518,45.866,5.592 19.295,42.801,14.841,-6.518,45.866,5.592 60.782,94.643,50.205,1.008,22.186,-20.962
 3.181,-25.153,-29.238,18.566,54.831,-4.118 6.994,-59.149,-61.609,-8.835,14.833,-14.965
 27.447,-13.018,-53.171,1.245,-23.556,-41.962 11.929,-2.242,-19.604,16.084,-6.907,-11.064 11.929,-2.242,-19.604,16.084,-6.907,-11.064 3.641,0.32,-7.793,40.706,73.48,11.777 11.929,-2.242,-19.604,16.084,-6.907,-11.064 19.719,2.731,-38.999,-7.586,16.554,-14.771
 24.513,16.74,19.907,3.289,11.53,-4.566 26.91,17.068,22.302,-4.281,29.77,-0.177 26.91,17.068,22.302,-4.281,29.77,-0.177 14.873,7.998,9.585,-3.581,-0.669,-26.704 14.873,7.998,9.585,-3.581,-0.669,-26.704 24.513,16.74,19.907,3.289,11.53,-4.566
 -13.127,-40.805,-111.827,15.32,14.531,-3.888 -13.68,-16.146,-54.221,-7.969,18.687,-0.334 -13.68,-16.146,-54.221,-7.969,18.687,-0.334 -2.88,-4.753,-11.112,1.422,23.641,-10.927 -2.88,-4.753,-11.112,1.422,23.641,-10.927 -13.127,-40.805,-111.827,15.32,14.531,-3.888
 132.887,-100.54,-16.254,14.255,8.337,-7.128 177.619,-96.656,-1.129,15.496,11.856,-10.062 177.619,-96.656,-1.129,15.496,11.856,-10.062 45.636,-20.88,-1.215,-10.429,38.594,2.737 45.636,-20.88,-1.215,-10.429,38.594,2.737 25.97,-10.912,-0.01,36.634,12.318,4.993 25.97,-10.912,-0.01,36.634,12.318,4.993 50.763,-19.65,-0.112,0.832,24.39,-14.187 50.763,-19.65,-0.112,0.832,24.39,-14.187 106.169,-32.148,-14.761,-4.045,9.519,18.405 106.169,-32.148,-14.761,-4.045,9.519,18.405 43.871,-8.549,-7.149,-10.667,82.85,0.519 43.871,-8.549,-7.149,-10.667,82.85,0.519 46.68,-7.608,-17.308,-19.057,-26.182,-19.517 177.619,-96.656,-1.129,15.496,11.856,-10.062 52.202,-25.226,-7.925,1.027,36.144,-4.116 52.202,-25.226,-7.925,1.027,36.144,-4.116 55.123,-29.793,-15.471,-7.715,18.849,-13.938 52.202,-25.226,-7.925,1.027,36.144,-4.116 80.723,-33.17,-16.455,8.39,-2.633,-12.902 80.723,-33.17,-16.455,8.39,-2.633,-12.902 92.49,-29.343,-23.461,-5.082,-5.034,-17.994 92.49,-29.343,-23.461,-5.082,-5.034,-17.994 45.459,-13.325,-13.423,12.21,-14.3,-10.479 45.459,-13.325,-13.423,12.21,-14.3,-10.479 71.81,-16.102,-28.504,27.465,14.335,2.951 41.97,-46.745,-10.508,-4.553,19.484,-7.879 132.887,-100.54,-16.254,14.255,8.337,-7.128
 -100.727,6.223,11.551,-59.943,13.876,-81.702 -81.055,-7.058,-0.947,-3.868,22.561,-8.944 -81.055,-7.058,-0.947,-3.868,22.561,-8.944 -11.489,-2.112,-0.296,13.307,37.176,3.862 -11.489,-2.112,-0.296,13.307,37.176,3.862 -69.991,-27.286,-14.822,-4.44,14.826,-11.493 -69.991,-27.286,-14.822,-4.44,14.826,-11.493 -71.034,-46.526,-15.391,-3.695,-5.684,56.66 -71.034,-46.526,-15.391,-3.695,-5.684,56.66 -18.334,-12.368,-2.325,-9.725,-3.275,-45.541 -18.334,-12.368,-2.325,-9.725,-3.275,-45.541 -13.771,-11.872,-1.801,4.422,-8.108,-28.037 -69.991,-27.286,-14.822,-4.44,14.826,-11.493 -20.799,-9.119,-0.236,-0.018,32.778,5.365 -20.799,-9.119,-0.236,-0.018,32.778,5.365 -59.938,-35.182,1.874,4.871,-3.759,-7.182 -59.938,-35.182,1.874,4.871,-3.759,-7.182 -30.798,-27.308,1.36,-5.245,25.376,-4.424 -20.799,-9.119,-0.236,-0.018,32.778,5.365 -58.942,-14.588,3.605,-16.092,136.058,-16.268 -58.942,-14.588,3.605,-16.092,136.058,-16.268 -31.308,-8.709,6.293,2.298,45.232,0.389 -58.942,-14.588,3.605,-16.092,136.058,-16.268 -11.489,-2.112,-0.296,13.307,37.176,3.862
 -124.3,195.993,-251.832,-10.903,35.167,-14.845 -58.719,69.797,-120.698,-5.624,34.112,2.407 -58.719,69.797,-120.698,-5.624,34.112,2.407 -9.394,10.74,-20.159,3.179,-8.752,-8.84 -9.394,10.74,-20.159,3.179,-8.752,-8.84 -77.658,63.951,-143.73,-9.983,19.77,-12.663 -77.658,63.951,-143.73,-9.983,19.77,-12.663 -261.715,155.917,-428.158,2.917,37.053,-5.472 -261.715,155.917,-428.158,2.917,37.053,-5.472 -22.183,7.34,-27.281,-0.474,-11.062,-10.491 -22.183,7.34,-27.281,-0.474,-11.062,-10.491 -16.728,6.313,-20.016,-5.797,20.066,-14.304 -16.728,6.313,-20.016,-5.797,20.066,-14.304 -21.015,10.394,-21.2,0.794,24.67,0.763 -21.015,10.394,-21.2,0.794,24.67,0.763 -11.383,8.679,-12.211,0.394,16.203,-2.41 -11.383,8.679,-12.211,0.394,16.203,-2.41 -88.663,82.682,-114.775,-2.714,27.647,-4.168 -88.663,82.682,-114.775,-2.714,27.647,-4.168 -124.3,195.993,-251.832,-10.903,35.167,-14.845
