 -18.53,-9.395,24.165,-3.475,18.771,-9.874 -13.342,-5.117,20.352,6.131,-13.111,-6.12 -13.342,-5.117,20.352,6.131,-13.111,-6.12 -13.776,-3.309,20.973,7.161,-12.068,-8.062 -13.776,-3.309,20.973,7.161,-12.068,-8.062 -13.463,-0.907,20.804,8.348,-11.684,-9.872 -13.463,-0.907,20.804,8.348,-11.684,-9.872 -17.299,4.335,33.191,4.676,23.956,-10.908 -17.299,4.335,33.191,4.676,23.956,-10.908 -13.103,3.398,20.361,7.207,-11.647,-7.828 -13.103,3.398,20.361,7.207,-11.647,-7.828 -15.095,0.406,20.553,8.431,-13.26,-9.677 -15.095,0.406,20.553,8.431,-13.26,-9.677 -13.463,-0.907,20.804,8.348,-11.684,-9.872 -15.095,0.406,20.553,8.431,-13.26,-9.677 -40.804,2.487,45.051,14.572,39.068,-1.111 -40.804,2.487,45.051,14.572,39.068,-1.111 -29.971,6.691,30.175,1.691,12.717,-6.847 -29.971,6.691,30.175,1.691,12.717,-6.847 -27.815,13.402,28.706,-2.347,38.868,6.015 -29.971,6.691,30.175,1.691,12.717,-6.847 -48.162,21.865,46.795,32.346,14.901,-5.365 -13.103,3.398,20.361,7.207,-11.647,-7.828 -77.667,48.482,126.314,17.365,-7.17,-1.392 -77.667,48.482,126.314,17.365,-7.17,-1.392 -6.694,5.005,10.575,7.134,70.223,-9.218 -6.694,5.005,10.575,7.134,70.223,-9.218 -53.668,51.996,80.573,-3.602,30.595,-16.688 -6.694,5.005,10.575,7.134,70.223,-9.218 -6.928,6.976,10.936,7.81,35.648,-0.31 -77.667,48.482,126.314,17.365,-7.17,-1.392 -15.505,9.784,30.56,-3.793,61.213,9.964 -15.505,9.784,30.56,-3.793,61.213,9.964 -16.628,21.618,48.637,6.904,48.968,3.525 -16.628,21.618,48.637,6.904,48.968,3.525 -8.583,6.495,21.181,-4.686,-11.682,0.14 -8.583,6.495,21.181,-4.686,-11.682,0.14 -17.299,4.335,33.191,4.676,23.956,-10.908
 1.713,8.954,9.44,1.873,34.804,-2.49 12.404,52.182,47.012,-5.054,22.263,-12.758 12.404,52.182,47.012,-5.054,22.263,-12.758 182.956,707.041,700.931,-2.093,8.826,-12.689 182.956,707.041,700.931,-2.093,8.826,-12.689 45.114,175.957,158.327,-3.397,27.592,-9.912 45.114,175.957,158.327,-3.397,27.592,-9.912 12.404,52.182,47.012,-5.054,22.263,-12.758
 3.008,-0.272,13.775,-17.759,-1.674,-40.279 5.276,-4.483,13.349,0.557,13.55,-8.624 5.276,-4.483,13.349,0.557,13.55,-8.624 numeric(0),numeric(0),numeric(0),numeric(0),numeric(0),numeric(0) numeric(0),numeric(0),numeric(0),numeric(0),numeric(0),numeric(0) 142.031,-73.265,257.766,-5.353,24.373,-11.302 142.031,-73.265,257.766,-5.353,24.373,-11.302 135.908,-56.872,239.62,-2.09,21.92,-8.656 55.22,-42.887,198.108,-0.881,16.572,-4.65 53.357,-30.86,177.66,-2.817,-8.3,-24.547
 0.961,-5.908,4.81,4.657,16.953,0.578 7.362,-37.203,29.211,1.801,25.104,-11.089 7.362,-37.203,29.211,1.801,25.104,-11.089 44.484,-183.508,141.765,-12.385,19.743,-13.862 44.484,-183.508,141.765,-12.385,19.743,-13.862 43.111,-163.912,108.765,-7.159,16.034,-9.204 43.111,-163.912,108.765,-7.159,16.034,-9.204 50.318,-226.595,152.835,-2.129,22.016,-20.268 50.318,-226.595,152.835,-2.129,22.016,-20.268 7.362,-37.203,29.211,1.801,25.104,-11.089
 -62.228,-83.279,63.356,1.1,21.339,-18.91 -18.458,-23.589,16.675,-8.755,36.646,3.088 -18.458,-23.589,16.675,-8.755,36.646,3.088 -12.176,-16.559,10.344,6.922,-12.751,-7.815 -12.176,-16.559,10.344,6.922,-12.751,-7.815 -22.633,-33.161,19.839,-11.482,25.55,4.776 -22.633,-33.161,19.839,-11.482,25.55,4.776 -24.824,-38.814,22.54,-10.082,19.845,-23.087 -24.824,-38.814,22.54,-10.082,19.845,-23.087 -33.656,-56.902,33.507,-14.356,29.365,-33.123 -33.656,-56.902,33.507,-14.356,29.365,-33.123 -48.908,-85.956,56.755,-10.229,23.355,-13.119 -48.908,-85.956,56.755,-10.229,23.355,-13.119 -62.228,-83.279,63.356,1.1,21.339,-18.91
 76.368,45.841,81.132,-3.501,26.595,-29.551 46.946,14.742,35.255,2.179,53.496,-26.645 46.946,14.742,35.255,2.179,53.496,-26.645 27.363,4.742,16.595,-2.505,17.525,-14.524 27.363,4.742,16.595,-2.505,17.525,-14.524 25.975,0.951,14.461,-0.016,19.143,-25.912 25.975,0.951,14.461,-0.016,19.143,-25.912 51.433,-12.878,28.29,2.792,54.442,38.824 51.433,-12.878,28.29,2.792,54.442,38.824 38.311,-9.417,10.723,1.179,11.904,-9.009 25.975,0.951,14.461,-0.016,19.143,-25.912 138.682,8.018,37.699,5.749,0.669,-6.018
 49.17,26.807,113.163,-3.489,19.899,-12.124 14.426,5.669,27.102,-6.937,44.411,2.467 14.426,5.669,27.102,-6.937,44.411,2.467 79.837,20.168,146.837,-5.755,19.659,-7.597 79.837,20.168,146.837,-5.755,19.659,-7.597 423.08,61.343,836.561,4.303,14.691,-5.5 423.08,61.343,836.561,4.303,14.691,-5.5 8.6,0.345,14.41,16.438,42.335,2.34 14.426,5.669,27.102,-6.937,44.411,2.467 22.783,7.304,34.359,-5.769,45.266,5.17 79.837,20.168,146.837,-5.755,19.659,-7.597 38.521,6.88,59.204,3.652,17.441,-9.198
 78.634,-157.27,32.948,11.528,7.726,-1.497 2.355,-4.487,0.791,-1.099,30.18,5.24 2.355,-4.487,0.791,-1.099,30.18,5.24 6.564,-11.926,1.529,-15.184,33.829,-35.602
 60.782,94.643,50.205,1.008,22.186,-20.962 61.665,94.489,50.484,1.132,22.481,-18.974 61.665,94.489,50.484,1.132,22.481,-18.974 65.614,98.969,53.784,4.56,28.703,-18.908 65.614,98.969,53.784,4.56,28.703,-18.908 60.81,90.902,48.953,-1.318,19.014,-21.932 60.81,90.902,48.953,-1.318,19.014,-21.932 58.664,88.906,47.309,-1.472,19.006,-19.11 58.664,88.906,47.309,-1.472,19.006,-19.11 60.782,94.643,50.205,1.008,22.186,-20.962
 1.343,1.048,132.615,-11.448,26.328,-17.093 -0.403,-3.306,55.829,4.433,14.406,-8.05 -0.403,-3.306,55.829,4.433,14.406,-8.05 -4.458,-13.318,100.404,8.862,-2.178,3.058 -4.458,-13.318,100.404,8.862,-2.178,3.058 -13.011,-19.301,107.61,9.489,-4.51,-12.347 -13.011,-19.301,107.61,9.489,-4.51,-12.347 -3.184,-6.639,29.003,5.821,37.606,-1.824 -3.184,-6.639,29.003,5.821,37.606,-1.824 -29.797,-35.741,141.814,-1.389,18.256,0.099 -29.797,-35.741,141.814,-1.389,18.256,0.099 -8.058,-7.43,38.619,-5.975,2.849,16.973 -8.058,-7.43,38.619,-5.975,2.849,16.973 -13.011,-19.301,107.61,9.489,-4.51,-12.347
 -4.055,8.195,4.867,25.656,17.426,-0.3 -5.888,16.151,6.94,6.318,-12.526,-6.36 -5.888,16.151,6.94,6.318,-12.526,-6.36 -84.119,292.833,114.34,11.547,3.039,-1.654 -84.119,292.833,114.34,11.547,3.039,-1.654 -5.266,31.714,9.461,1.871,-9.289,-13.869 -5.266,31.714,9.461,1.871,-9.289,-13.869 -6.562,65.281,27.195,-25.525,62.594,-12.776 -6.562,65.281,27.195,-25.525,62.594,-12.776 -46.024,237.15,113.322,3.096,16.269,-9.243 -46.024,237.15,113.322,3.096,16.269,-9.243 -5.312,12.13,8.239,9.608,16.087,-6.132 -5.312,12.13,8.239,9.608,16.087,-6.132 -4.055,8.195,4.867,25.656,17.426,-0.3
 16.104,-10.848,10.649,36.566,7.83,-14.464 28.278,-25.254,22.09,17.228,-13.469,-3.685 28.278,-25.254,22.09,17.228,-13.469,-3.685 12.263,-13.835,12.456,9.233,46.323,22.854 12.263,-13.835,12.456,9.233,46.323,22.854 249.318,-348.796,363.041,2.645,7.428,-7.06 249.318,-348.796,363.041,2.645,7.428,-7.06 14.752,-29.922,33.513,-1.144,23.545,-6.694 14.752,-29.922,33.513,-1.144,23.545,-6.694 8.871,-21.494,29.475,-8.121,29.382,-1.604 197.251,-232.113,307.601,-1.302,6.476,-1.315 249.318,-348.796,363.041,2.645,7.428,-7.06 249.318,-348.796,363.041,2.645,7.428,-7.06 16.888,-30.371,24.408,-14.982,12.792,-19.951 16.888,-30.371,24.408,-14.982,12.792,-19.951 45.35,-108.518,62.43,-11.661,16.296,-14.391
 61.58,-77.965,19.858,-5.831,15.713,-17.166 18.994,-23.134,7.794,0.397,26.847,-12.557 18.994,-23.134,7.794,0.397,26.847,-12.557 22.698,-25.507,9.871,-1.804,-5.697,-33.755 42.742,-49.404,17.595,3.02,-13.619,-10.97 48.015,-57.406,21.336,12.956,15.641,1.984
 9.349,-6.127,-3.232,-1.012,17.791,-13.973 73.033,-49.886,-30.223,33.357,55.744,-2.575 73.033,-49.886,-30.223,33.357,55.744,-2.575 208.112,-149.708,-90.613,0.222,18.859,4.509 208.112,-149.708,-90.613,0.222,18.859,4.509 85.718,-67.776,-45.065,4.432,-5.369,8.636 85.718,-67.776,-45.065,4.432,-5.369,8.636 103.026,-110.655,-76.767,-0.344,-10.266,-5.542 103.026,-110.655,-76.767,-0.344,-10.266,-5.542 8.799,-9.937,-6.266,9.705,-16.354,-20.871 8.799,-9.937,-6.266,9.705,-16.354,-20.871 55.92,-79.117,-25.564,9.157,26.892,11.277 55.92,-79.117,-25.564,9.157,26.892,11.277 31.621,-30.021,-13.525,1.776,22.871,-9.485 31.621,-30.021,-13.525,1.776,22.871,-9.485 45.617,-37.521,-17.872,14.928,-1.142,-2.207 45.617,-37.521,-17.872,14.928,-1.142,-2.207 37.793,-26.441,-13.805,-1.171,53.016,4.063 37.793,-26.441,-13.805,-1.171,53.016,4.063 9.349,-6.127,-3.232,-1.012,17.791,-13.973
 -39.69,40.218,11.864,0.395,-16.551,-10.704 -25.042,28.634,12.473,-17.084,24.464,-35.9 -25.042,28.634,12.473,-17.084,24.464,-35.9 -32.631,37.775,19.631,-4.036,45.81,3.972 -32.631,37.775,19.631,-4.036,45.81,3.972 -59.175,66.477,48.847,-8.655,24.699,-10.844 -54.824,80.886,15.801,3.477,33.073,-19.42 -25.042,28.634,12.473,-17.084,24.464,-35.9
 -21.019,11.132,5.041,8.37,28.094,1.798 -46.506,9.411,13.096,-8.493,16.131,-15.864 -46.506,9.411,13.096,-8.493,16.131,-15.864 -10.634,0.508,2.768,-0.057,26.054,-5.792 -10.634,0.508,2.768,-0.057,26.054,-5.792 -16.442,3.337,6.281,12.313,-14.918,-17.456 -16.442,3.337,6.281,12.313,-14.918,-17.456 -34.003,15.861,13.539,-2.193,-63.819,-39.751 -34.003,15.861,13.539,-2.193,-63.819,-39.751 -469.862,251.588,160.537,0.191,3.243,-1.395 -469.862,251.588,160.537,0.191,3.243,-1.395 -21.019,11.132,5.041,8.37,28.094,1.798 -34.003,15.861,13.539,-2.193,-63.819,-39.751 -69.409,33.595,33.397,8.732,-13.007,-9.027 -69.409,33.595,33.397,8.732,-13.007,-9.027 -29.062,18.026,16.685,6.18,42.077,-2.765 -29.062,18.026,16.685,6.18,42.077,-2.765 -53.196,35.259,28.114,4.179,15.535,-1.655
 -0.531,-18.798,28.818,15.984,24.548,-14.739 -0.436,-29.451,37.014,-1.712,13.417,-25.128 -0.436,-29.451,37.014,-1.712,13.417,-25.128 -8.82,-67.986,88.706,-6.311,17.968,-12.134 -8.82,-67.986,88.706,-6.311,17.968,-12.134 -2.063,-16.964,24.563,22.266,13.487,-8.307 -2.063,-16.964,24.563,22.266,13.487,-8.307 -0.531,-18.798,28.818,15.984,24.548,-14.739 -0.531,-18.798,28.818,15.984,24.548,-14.739 3.548,-10.83,27.735,11.956,6.698,28.114 3.548,-10.83,27.735,11.956,6.698,28.114 7.179,-14.064,44.025,14.098,14.759,5.603 7.179,-14.064,44.025,14.098,14.759,5.603 4.162,-12.164,43.002,-33.134,20.207,-22.39 4.162,-12.164,43.002,-33.134,20.207,-22.39 0.219,-2.382,7.695,22.246,-20.368,26.572 0.219,-2.382,7.695,22.246,-20.368,26.572 -9.178,-40.388,91.793,-6.268,17.14,-11.736 -9.178,-40.388,91.793,-6.268,17.14,-11.736 -5.432,-12.199,24.609,3.379,12.939,-8.427 -5.432,-12.199,24.609,3.379,12.939,-8.427 -5.532,-9.766,18.362,-13.133,43.047,14.627 -5.532,-9.766,18.362,-13.133,43.047,14.627 -9.925,-12.359,26.346,3.974,6.853,-8.126 -9.925,-12.359,26.346,3.974,6.853,-8.126 -34.416,-20.759,83.796,-2.2,27.753,-8.446 -34.416,-20.759,83.796,-2.2,27.753,-8.446 -48.765,-7.176,133.883,4.341,40.678,-7.96 -48.765,-7.176,133.883,4.341,40.678,-7.96 -40.508,5.081,108.219,-9.233,23.947,2.901
 -24.977,-3.273,-7.469,-7.056,25.364,-19.179 -44.806,-3.095,-14.197,-0.149,35.707,5.956 -44.806,-3.095,-14.197,-0.149,35.707,5.956 -87.011,-3.847,-36.29,-7.862,31.897,2.469 -87.011,-3.847,-36.29,-7.862,31.897,2.469 -13.594,-0.499,-6.265,-1.192,-6.933,-3.794 -13.594,-0.499,-6.265,-1.192,-6.933,-3.794 -41.239,-6.234,-18.046,12.092,1.585,-8.034 -41.239,-6.234,-18.046,12.092,1.585,-8.034 -24.977,-3.273,-7.469,-7.056,25.364,-19.179
 -50.079,-51.89,-34.061,-12.699,26.848,-12.866 -28.132,-38.552,-12.6,28.013,12.734,8.968 -28.132,-38.552,-12.6,28.013,12.734,8.968 -36.549,-42.42,-9.253,3.488,43.778,0.196 -36.549,-42.42,-9.253,3.488,43.778,0.196 -16.409,-15.152,-6.422,26.618,40.427,5.599 -16.409,-15.152,-6.422,26.618,40.427,5.599 -50.079,-51.89,-34.061,-12.699,26.848,-12.866
 -69.991,-27.286,-14.822,-4.44,14.826,-11.493 -11.489,-2.112,-0.296,13.307,37.176,3.862 -11.489,-2.112,-0.296,13.307,37.176,3.862 -81.055,-7.058,-0.947,-3.868,22.561,-8.944 -81.055,-7.058,-0.947,-3.868,22.561,-8.944 -10.915,0.443,0.337,-6.285,-38.164,-13.91 -10.915,0.443,0.337,-6.285,-38.164,-13.91 -100.727,6.223,11.551,-59.943,13.876,-81.702 -100.727,6.223,11.551,-59.943,13.876,-81.702 -117.001,-0.446,13.567,8.022,0.17,-17.63 -117.001,-0.446,13.567,8.022,0.17,-17.63 -49.457,-1.124,7.599,32.702,53.03,8.6 -11.489,-2.112,-0.296,13.307,37.176,3.862 -58.942,-14.588,3.605,-16.092,136.058,-16.268 -58.942,-14.588,3.605,-16.092,136.058,-16.268 -20.799,-9.119,-0.236,-0.018,32.778,5.365 -20.799,-9.119,-0.236,-0.018,32.778,5.365 -69.991,-27.286,-14.822,-4.44,14.826,-11.493 -155.272,-157.085,-10.628,33.74,-7.425,-20.97 -48.472,-44.814,-2.65,-41.077,-76.337,-42.253 -48.472,-44.814,-2.65,-41.077,-76.337,-42.253 -30.798,-27.308,1.36,-5.245,25.376,-4.424 -30.798,-27.308,1.36,-5.245,25.376,-4.424 -140.26,-139.509,15.805,10.738,8.452,-6.232 -140.26,-139.509,15.805,10.738,8.452,-6.232 -114.155,-97.193,21.503,12.384,20.223,-0.921 -114.155,-97.193,21.503,12.384,20.223,-0.921 -59.938,-35.182,1.874,4.871,-3.759,-7.182 -59.938,-35.182,1.874,4.871,-3.759,-7.182 -20.799,-9.119,-0.236,-0.018,32.778,5.365 -58.942,-14.588,3.605,-16.092,136.058,-16.268 -31.308,-8.709,6.293,2.298,45.232,0.389
 120.187,-30.035,8.272,2.402,6.813,-5.664 41.496,-7.847,2.422,14.395,152.451,2.794 41.496,-7.847,2.422,14.395,152.451,2.794 48.701,-7.076,1.079,1.637,20.277,-22.422 48.701,-7.076,1.079,1.637,20.277,-22.422 31.941,-2.507,0.996,8.912,-20.646,-23.19 31.941,-2.507,0.996,8.912,-20.646,-23.19 32.792,-0.099,3.947,3.152,23.347,-17.243 32.792,-0.099,3.947,3.152,23.347,-17.243 53.54,15.086,7.709,11.735,-18.643,7.779 53.54,15.086,7.709,11.735,-18.643,7.779 38.448,12.814,5.39,1.005,29.486,-9.006 38.448,12.814,5.39,1.005,29.486,-9.006 98.543,40.911,11.485,-23.058,150.834,-19.495 98.543,40.911,11.485,-23.058,150.834,-19.495 100.757,47.752,10.712,5.686,-11.01,1.91 100.757,47.752,10.712,5.686,-11.01,1.91 100.591,51.493,7.279,5.881,-1.774,10.625 100.591,51.493,7.279,5.881,-1.774,10.625 48.236,26.069,3.054,23.115,19.502,7.88 48.236,26.069,3.054,23.115,19.502,7.88 39.729,23.413,2.226,4.049,10.843,0.342 39.729,23.413,2.226,4.049,10.843,0.342 75.809,37.547,13.638,-2.641,30.795,17.864 75.809,37.547,13.638,-2.641,30.795,17.864 101.738,42.915,30.302,7.724,20.097,2.286 101.738,42.915,30.302,7.724,20.097,2.286 105.454,35.156,50.855,7.452,12.869,-7.987 120.187,-30.035,8.272,2.402,6.813,-5.664 51.141,-7.195,5.774,2.998,-31.662,-9.89 51.141,-7.195,5.774,2.998,-31.662,-9.89 13.595,-1.192,1.344,10.365,23.649,-27.733 13.595,-1.192,1.344,10.365,23.649,-27.733 32.792,-0.099,3.947,3.152,23.347,-17.243 105.454,35.156,50.855,7.452,12.869,-7.987 544.265,187.628,277.924,22.926,-12.551,4.979 544.265,187.628,277.924,22.926,-12.551,4.979 106.219,39.251,62.095,-16.704,12.418,-58.239 106.219,39.251,62.095,-16.704,12.418,-58.239 43.41,14.034,26.435,21.571,26.251,8.857 43.41,14.034,26.435,21.571,26.251,8.857 51.954,14.613,26.673,3.759,6.781,10.066 51.954,14.613,26.673,3.759,6.781,10.066 105.454,35.156,50.855,7.452,12.869,-7.987
 41.77,22.568,16.62,-2.964,19.927,-22.634 14.753,8.063,6.389,-4.328,6.993,-10.092 14.753,8.063,6.389,-4.328,6.993,-10.092 15.732,9.752,8.034,-16.121,11.472,-18.524 15.732,9.752,8.034,-16.121,11.472,-18.524 33.288,30.498,23.262,1.453,22.709,-23.12 33.288,30.498,23.262,1.453,22.709,-23.12 73.191,72.689,40.301,2.88,-8.892,-5.68 73.191,72.689,40.301,2.88,-8.892,-5.68 32.83,36.343,17.562,-12.054,43.543,6.49 73.191,72.689,40.301,2.88,-8.892,-5.68 51.762,58.972,30.19,62.523,55.357,0.369
 -0.494,2.477,-0.758,9.317,-11.805,-11.941 -14.21,142.996,-46.569,-0.73,32.327,-10.802 -14.21,142.996,-46.569,-0.73,32.327,-10.802 -8.071,90.819,-52.776,-5.572,28.376,-14.195 -8.071,90.819,-52.776,-5.572,28.376,-14.195 -27.498,105.142,-60.172,-7.64,23.093,-11.899 -27.498,105.142,-60.172,-7.64,23.093,-11.899 -93.703,339.496,-186.749,4.086,25.782,-2.142 -93.703,339.496,-186.749,4.086,25.782,-2.142 -190.762,496.337,-298.433,-6.062,46.068,-3.279 -27.498,105.142,-60.172,-7.64,23.093,-11.899 -0.494,2.477,-0.758,9.317,-11.805,-11.941
 -1.469,3.176,0.32,11.847,2.822,-17.528 -18.21,45.556,7.148,2.409,25.811,-5.771
 -63.662,-32.956,20.282,-6.586,33.682,12.016 -9.488,-5.188,3.597,-7.769,-0.496,-18.041 -9.488,-5.188,3.597,-7.769,-0.496,-18.041 -39.926,-33.844,12.787,12.506,-6.931,-4.577 -39.926,-33.844,12.787,12.506,-6.931,-4.577 -56.655,-49.791,23.008,-12.355,18.793,-21.481 -56.655,-49.791,23.008,-12.355,18.793,-21.481 -41.583,-36.463,28.27,7.581,26.482,-5.225 -41.583,-36.463,28.27,7.581,26.482,-5.225 -20.3,-23.25,20.286,10.667,-10.247,-22.918 -20.3,-23.25,20.286,10.667,-10.247,-22.918 -38.476,-39.135,46.692,-3.917,15.849,-20.809 -38.476,-39.135,46.692,-3.917,15.849,-20.809 -16.449,-12.861,16.495,23.25,36.68,-7.903 -16.449,-12.861,16.495,23.25,36.68,-7.903 -34.262,-26.727,25.465,6.17,35.255,17.613 -34.262,-26.727,25.465,6.17,35.255,17.613 -41.583,-36.463,28.27,7.581,26.482,-5.225 -41.583,-36.463,28.27,7.581,26.482,-5.225 -9.488,-5.188,3.597,-7.769,-0.496,-18.041 -9.488,-5.188,3.597,-7.769,-0.496,-18.041 -13.293,-6.719,4.684,-0.139,38.819,-0.544 -20.3,-23.25,20.286,10.667,-10.247,-22.918 -18.768,-23.278,22.842,-10.442,29.657,7.476 -18.768,-23.278,22.842,-10.442,29.657,7.476 -54.221,-71.813,77.944,-1.763,10.524,-17.495 -16.449,-12.861,16.495,23.25,36.68,-7.903 -17.624,-11.93,22.106,-0.53,32.613,14.879 -17.624,-11.93,22.106,-0.53,32.613,14.879 -25.632,-16.883,38.989,15.306,-7.353,-14.757 -7.208,-5.295,11.386,-21.542,4.272,-25.528 -17.624,-11.93,22.106,-0.53,32.613,14.879
 8.235,65.214,-46.835,-12.224,-10.194,-7.727 2.465,75.843,-58.504,-12.922,27.924,-37.821 2.465,75.843,-58.504,-12.922,27.924,-37.821 2.838,264.006,-186.822,4.374,28.595,-1.074 2.838,264.006,-186.822,4.374,28.595,-1.074 -3.394,46.917,-33.11,-2.532,32.674,6.245 6.443,72.368,-49.143,1.37,23.29,-27.994 2.838,264.006,-186.822,4.374,28.595,-1.074
 102.906,-114.552,-13.547,-16.14,18.431,-27.42 41.97,-46.745,-10.508,-4.553,19.484,-7.879 41.97,-46.745,-10.508,-4.553,19.484,-7.879 32.579,-34.738,-7.529,0.961,14.699,-6.025 32.579,-34.738,-7.529,0.961,14.699,-6.025 132.887,-100.54,-16.254,14.255,8.337,-7.128 132.887,-100.54,-16.254,14.255,8.337,-7.128 177.619,-96.656,-1.129,15.496,11.856,-10.062 177.619,-96.656,-1.129,15.496,11.856,-10.062 45.636,-20.88,-1.215,-10.429,38.594,2.737 45.636,-20.88,-1.215,-10.429,38.594,2.737 25.97,-10.912,-0.01,36.634,12.318,4.993 25.97,-10.912,-0.01,36.634,12.318,4.993 307.631,-134.917,8.077,14.78,23.987,4.177 50.763,-19.65,-0.112,0.832,24.39,-14.187 25.97,-10.912,-0.01,36.634,12.318,4.993 45.636,-20.88,-1.215,-10.429,38.594,2.737 106.169,-32.148,-14.761,-4.045,9.519,18.405 106.169,-32.148,-14.761,-4.045,9.519,18.405 157.991,-30.103,-21.821,-18.543,-10.347,-8.41 157.991,-30.103,-21.821,-18.543,-10.347,-8.41 119.529,-22.205,-19.653,-4.613,12.513,-4.598 119.529,-22.205,-19.653,-4.613,12.513,-4.598 149.5,-4.671,-23.681,-17.118,45.507,-14.789 149.5,-4.671,-23.681,-17.118,45.507,-14.789 106.627,-3.491,-27.097,2.458,-50.131,-2.226 106.627,-3.491,-27.097,2.458,-50.131,-2.226 46.68,-7.608,-17.308,-19.057,-26.182,-19.517 46.68,-7.608,-17.308,-19.057,-26.182,-19.517 45.459,-13.325,-13.423,12.21,-14.3,-10.479 45.459,-13.325,-13.423,12.21,-14.3,-10.479 92.49,-29.343,-23.461,-5.082,-5.034,-17.994 92.49,-29.343,-23.461,-5.082,-5.034,-17.994 55.123,-29.793,-15.471,-7.715,18.849,-13.938 55.123,-29.793,-15.471,-7.715,18.849,-13.938 132.887,-100.54,-16.254,14.255,8.337,-7.128 45.636,-20.88,-1.215,-10.429,38.594,2.737 206.762,-96.197,-31.324,-0.822,18.198,0.637 206.762,-96.197,-31.324,-0.822,18.198,0.637 55.123,-29.793,-15.471,-7.715,18.849,-13.938 94.721,-3.575,-32.47,20.077,12.24,-8.693 69.222,-4.229,-23.445,2.227,45.709,4.576 69.222,-4.229,-23.445,2.227,45.709,4.576 207.471,-16.544,-66.89,6.902,14.349,-1.106
 97.102,63.663,18.072,5.738,-13.71,-8.541 46.746,35.276,8.71,2.108,16.26,-2.396 46.746,35.276,8.71,2.108,16.26,-2.396 19.693,17.262,4.671,-0.612,46.188,0.068 19.693,17.262,4.671,-0.612,46.188,0.068 95.543,95.306,21.151,14.579,22.21,-6.663 95.543,95.306,21.151,14.579,22.21,-6.663 53.343,54.414,5.448,-13.676,-20.061,-30.304 53.343,54.414,5.448,-13.676,-20.061,-30.304 18.44,15.931,1.378,7.941,-15.529,-17.07 18.44,15.931,1.378,7.941,-15.529,-17.07 95.643,77.363,12.047,14.136,-9.355,-12.573 95.643,77.363,12.047,14.136,-9.355,-12.573 46.746,35.276,8.71,2.108,16.26,-2.396 18.44,15.931,1.378,7.941,-15.529,-17.07 149.571,124.93,1.117,2.245,17.613,-2.422 149.571,124.93,1.117,2.245,17.613,-2.422 81.766,55.664,-11.134,-17.122,40.854,-51.88 81.766,55.664,-11.134,-17.122,40.854,-51.88 62.659,33.127,-12.925,-0.424,14.758,-14.396 62.659,33.127,-12.925,-0.424,14.758,-14.396 135.315,100.082,-36.667,6.99,-6.608,-8.547 135.315,100.082,-36.667,6.99,-6.608,-8.547 16.13,13.483,-4.42,-3.244,20.118,-26.78 16.13,13.483,-4.42,-3.244,20.118,-26.78 87.167,75.855,-28.508,11.69,3.895,-16.516 87.167,75.855,-28.508,11.69,3.895,-16.516 20.29,15.864,-7.019,-19.583,-28.311,-10.303 20.29,15.864,-7.019,-19.583,-28.311,-10.303 135.315,100.082,-36.667,6.99,-6.608,-8.547 62.659,33.127,-12.925,-0.424,14.758,-14.396 32.242,12.38,-4.967,15.809,-7.817,-36.29 32.242,12.38,-4.967,15.809,-7.817,-36.29 34.756,10.724,-6.533,-3.134,38.618,-26.252 34.756,10.724,-6.533,-3.134,38.618,-26.252 3.154,1.54,-1.002,2.026,-32.165,18.878 3.154,1.54,-1.002,2.026,-32.165,18.878 62.659,33.127,-12.925,-0.424,14.758,-14.396 85.425,45.837,-29.508,-19.233,12.253,-22.908 3.154,1.54,-1.002,2.026,-32.165,18.878 34.756,10.724,-6.533,-3.134,38.618,-26.252 27.584,5.31,-9.12,7.649,34.662,0.249 27.584,5.31,-9.12,7.649,34.662,0.249 84.158,7.151,-13.111,16.938,-4.502,-17.596
 11.659,76.036,8.56,5.966,17.729,-2.852 25.868,210.73,-1.108,0.282,16.088,0.48 25.868,210.73,-1.108,0.282,16.088,0.48 62.775,602.667,-12.713,-1.571,26.234,-3.59 62.775,602.667,-12.713,-1.571,26.234,-3.59 18.918,224.809,-7.652,-2.738,18.376,2.106 18.918,224.809,-7.652,-2.738,18.376,2.106 10.444,195.315,-33.327,-0.361,20.561,-4.64 10.444,195.315,-33.327,-0.361,20.561,-4.64 51.601,256.71,-37.74,1.777,20.742,-3.691 51.601,256.71,-37.74,1.777,20.742,-3.691 25.868,210.73,-1.108,0.282,16.088,0.48
 16.391,152.033,-12.944,6.174,29.279,-3.961 50.584,469.099,-44.733,0.124,36.354,-0.043 50.584,469.099,-44.733,0.124,36.354,-0.043 41.305,377.831,-39.962,1.06,28.217,0.101 41.305,377.831,-39.962,1.06,28.217,0.101 49.325,400.722,-51.732,3.262,15.381,-11.51 49.325,400.722,-51.732,3.262,15.381,-11.51 7.98,50.308,-6.985,0.405,-19.753,-8.088 7.98,50.308,-6.985,0.405,-19.753,-8.088 30.361,162.259,-19.814,17.219,16.062,-9.905
 18.918,224.809,-7.652,-2.738,18.376,2.106 62.775,602.667,-12.713,-1.571,26.234,-3.59 62.775,602.667,-12.713,-1.571,26.234,-3.59 25.868,210.73,-1.108,0.282,16.088,0.48 51.601,256.71,-37.74,1.777,20.742,-3.691 62.775,602.667,-12.713,-1.571,26.234,-3.59
 7.027,18.288,5.807,14.936,55.823,-2.098 17.21,40.872,12.608,-6.344,46.13,5.391 17.21,40.872,12.608,-6.344,46.13,5.391 18.823,40.27,12.434,-6.557,46.043,5.582 18.823,40.27,12.434,-6.557,46.043,5.582 19.295,42.801,14.841,-6.518,45.866,5.592 19.295,42.801,14.841,-6.518,45.866,5.592 16.396,38.917,14.69,-5.723,45.117,5.566 16.396,38.917,14.69,-5.723,45.117,5.566 51.018,128.771,45.049,1.283,26.339,-5.743 51.018,128.771,45.049,1.283,26.339,-5.743 7.027,18.288,5.807,14.936,55.823,-2.098
 -28.794,-61.566,71.156,4.043,23.138,2.295 -26.079,-66.292,65.133,5.886,26.25,12.772 -26.079,-66.292,65.133,5.886,26.25,12.772 -8.778,-25.099,21.472,0.502,-15.978,-5.738 -8.778,-25.099,21.472,0.502,-15.978,-5.738 -17.534,-88.243,67.327,-10.078,24.178,-14.33 -17.534,-88.243,67.327,-10.078,24.178,-14.33 -7.832,-41.922,32.478,-6.576,18.483,5.767 -7.832,-41.922,32.478,-6.576,18.483,5.767 -15.173,-94.947,72.84,-18.894,21.57,-7.284 -15.173,-94.947,72.84,-18.894,21.57,-7.284 -3.174,-194.108,147.626,3.845,26.116,-10.185 -3.174,-194.108,147.626,3.845,26.116,-10.185 -9.539,-106.172,110.412,-3.605,16.206,-12.528 -8.778,-25.099,21.472,0.502,-15.978,-5.738 -3.073,-8.593,5.615,1.158,73.019,-21.963 -3.073,-8.593,5.615,1.158,73.019,-21.963 -11.181,-41.939,26.004,-4.659,26.85,-7.343 -11.181,-41.939,26.004,-4.659,26.85,-7.343 -17.534,-88.243,67.327,-10.078,24.178,-14.33 -3.073,-8.593,5.615,1.158,73.019,-21.963 -16.146,-39.087,16.65,-10.89,29.404,-12.506 -16.146,-39.087,16.65,-10.89,29.404,-12.506 -23.243,-50.955,19.452,1.607,35.544,1.371 -11.181,-41.939,26.004,-4.659,26.85,-7.343 -13.785,-107.379,53.061,14.216,26.433,-3.436 -13.785,-107.379,53.061,14.216,26.433,-3.436 -0.434,-7.344,3.866,-11.399,1.715,-33.924 -0.434,-7.344,3.866,-11.399,1.715,-33.924 -0.357,-36.575,20.482,16.278,-0.255,-4.265 -0.357,-36.575,20.482,16.278,-0.255,-4.265 3.085,-93.719,51.47,-0.94,28.272,-10.811 3.085,-93.719,51.47,-0.94,28.272,-10.811 1.183,-34.627,16.971,-2.486,16.69,-2.146 1.183,-34.627,16.971,-2.486,16.69,-2.146 1.147,-56.266,24.988,4.304,21.896,-32.213
 -24.226,-42.948,20.732,18.975,31.316,-8.962 -61.569,-97.832,44.321,6.238,68.867,-12.309 -61.569,-97.832,44.321,6.238,68.867,-12.309 -31.17,-45.162,19.616,-6.8,19.259,-16.968 -31.17,-45.162,19.616,-6.8,19.259,-16.968 -60.423,-93.704,36.532,-12.711,34.075,-58.877 -60.423,-93.704,36.532,-12.711,34.075,-58.877 -5.563,-9.299,3.038,1.506,-29.823,-64.08 -5.563,-9.299,3.038,1.506,-29.823,-64.08 -24.611,-37.249,12.316,11.075,-9.506,-10.38 -24.611,-37.249,12.316,11.075,-9.506,-10.38 -60.423,-93.704,36.532,-12.711,34.075,-58.877 -60.423,-93.704,36.532,-12.711,34.075,-58.877 -61.569,-97.832,44.321,6.238,68.867,-12.309 -24.611,-37.249,12.316,11.075,-9.506,-10.38 -40.7,-55.408,12.79,2.826,44.517,-5.917 -40.7,-55.408,12.79,2.826,44.517,-5.917 -12.623,-18.762,2.547,10.795,-9.834,5.185 -12.623,-18.762,2.547,10.795,-9.834,5.185 -11.751,-18.591,1.722,16.796,1.664,5.693 -11.751,-18.591,1.722,16.796,1.664,5.693 -21.749,-43.787,-3.156,0.409,24.495,-32.186 -21.749,-43.787,-3.156,0.409,24.495,-32.186 -14.02,-29.5,-2.681,14.846,0.867,6.941 -14.02,-29.5,-2.681,14.846,0.867,6.941 -46.923,-124.111,-24.753,10.451,8.709,18.313 -46.923,-124.111,-24.753,10.451,8.709,18.313 -5.602,-25.47,-7.343,4.929,-2.199,12.723 -5.602,-25.47,-7.343,4.929,-2.199,12.723 -14.292,-113.998,-51.063,2.644,16.972,-9.084 -14.292,-113.998,-51.063,2.644,16.972,-9.084 -2.863,-29.179,-8.075,-1.543,46.841,3.954 -2.863,-29.179,-8.075,-1.543,46.841,3.954 -0.183,-43.028,-7.412,-1.632,-8.715,-25.946 -0.183,-43.028,-7.412,-1.632,-8.715,-25.946 1.719,-18.439,-0.938,-47.573,-8.229,-61.864 1.719,-18.439,-0.938,-47.573,-8.229,-61.864 9.98,-39.863,3.02,-1.804,44.585,2.922 9.98,-39.863,3.02,-1.804,44.585,2.922 0.829,-25.851,4.358,-8.41,22.495,6.128 0.829,-25.851,4.358,-8.41,22.495,6.128 -1.587,-14.453,3.239,6.011,-16.472,-12.604 -1.587,-14.453,3.239,6.011,-16.472,-12.604 -7.432,-26.651,4.568,-22.736,63.483,-10.394 -7.432,-26.651,4.568,-22.736,63.483,-10.394 -20.105,-49.089,1.838,-2.243,15.351,-18.842 -20.105,-49.089,1.838,-2.243,15.351,-18.842 -21.749,-43.787,-3.156,0.409,24.495,-32.186 -1.587,-14.453,3.239,6.011,-16.472,-12.604 -1.802,-24.949,1.998,-3.855,13.78,17.875 -1.802,-24.949,1.998,-3.855,13.78,17.875 -38.642,-262.589,19.213,5.831,26.984,6.556 -1.802,-24.949,1.998,-3.855,13.78,17.875 -1.569,-29.672,1.405,-2.748,11.96,-11.07 -1.569,-29.672,1.405,-2.748,11.96,-11.07 2.048,-727.315,37.246,3.221,2.455,-30.449 2.048,-727.315,37.246,3.221,2.455,-30.449 0.686,-89.66,2.043,6.607,-6.08,-5.648 0.686,-89.66,2.043,6.607,-6.08,-5.648 0.121,-5.077,0.222,2.861,5.951,-23.477 0.229,-199.021,15.204,1.67,12.031,-13.208 2.048,-727.315,37.246,3.221,2.455,-30.449
 -56.152,-65.647,-50.174,-0.195,6.118,0.178 -35.332,-49.09,-32.342,9.691,20.845,10.791 -35.332,-49.09,-32.342,9.691,20.845,10.791 -56.468,-79.647,-55.865,-7.054,10.425,-13.773 -56.468,-79.647,-55.865,-7.054,10.425,-13.773 -64.636,-108.519,-70.633,-6.132,10.082,-16.64 -64.636,-108.519,-70.633,-6.132,10.082,-16.64 -46.814,-80.155,-45.503,-1.037,10.272,-10.213 -46.814,-80.155,-45.503,-1.037,10.272,-10.213 -69.333,-120.492,-57.928,2.911,17.47,-21.625 -69.333,-120.492,-57.928,2.911,17.47,-21.625 -55.881,-102.321,-41.986,-0.654,7.074,-13.417 -69.333,-120.492,-57.928,2.911,17.47,-21.625 -58.543,-140.308,-75.575,-3.31,13.302,-15.392 -58.543,-140.308,-75.575,-3.31,13.302,-15.392 -45.96,-119.547,-68.721,-3.527,7.321,-14.606 -45.96,-119.547,-68.721,-3.527,7.321,-14.606 -4.842,-15.396,-11.007,-49.3,32.099,-17.886 -4.842,-15.396,-11.007,-49.3,32.099,-17.886 -35.433,-115.662,-94.672,2.451,29.978,3.021
 114.964,187.846,136.996,4.336,24.217,1.021 167.128,286.479,239.126,25.813,47.239,45.059 167.128,286.479,239.126,25.813,47.239,45.059 76.156,129.1,125.817,-2.395,18.963,-16.453 76.156,129.1,125.817,-2.395,18.963,-16.453 156.087,232.105,176.743,5.586,25.426,-2.755 156.087,232.105,176.743,5.586,25.426,-2.755 114.964,187.846,136.996,4.336,24.217,1.021 76.156,129.1,125.817,-2.395,18.963,-16.453 62.885,77.881,118.709,-5.423,21.534,-13.871 62.885,77.881,118.709,-5.423,21.534,-13.871 30.697,32.01,59.95,1.932,2.27,1.531 30.697,32.01,59.95,1.932,2.27,1.531 126.232,116.378,253.546,-4.55,28.078,-11.83 126.232,116.378,253.546,-4.55,28.078,-11.83 34.175,32.504,62.053,2.349,1.22,0.579 34.175,32.504,62.053,2.349,1.22,0.579 5.491,4.782,8.444,3.167,26.217,15.512 5.491,4.782,8.444,3.167,26.217,15.512 4.635,5.017,8.029,-22.201,68.918,34.74 4.635,5.017,8.029,-22.201,68.918,34.74 62.885,77.881,118.709,-5.423,21.534,-13.871 62.885,77.881,118.709,-5.423,21.534,-13.871 16.594,18.029,24.381,4.18,46.404,3.955 16.594,18.029,24.381,4.18,46.404,3.955 14.189,15.239,18.072,1.914,2.514,2.48 14.189,15.239,18.072,1.914,2.514,2.48 50.772,53.119,59.165,-5.875,77.147,-19.576 22.33,20.566,23.991,-6.384,42.86,-6.34 14.189,15.239,18.072,1.914,2.514,2.48
 12.938,-64.084,-33.298,21.332,-15.765,-9.845 3.817,-36.058,-24.813,-11.043,25.952,-12.852 3.817,-36.058,-24.813,-11.043,25.952,-12.852 10.113,-110.094,-63.389,17.641,27.3,-4.392 10.113,-110.094,-63.389,17.641,27.3,-4.392 2.562,-20.887,-10.002,-10.878,46.816,0.083 2.562,-20.887,-10.002,-10.878,46.816,0.083 12.938,-64.084,-33.298,21.332,-15.765,-9.845 12.938,-64.084,-33.298,21.332,-15.765,-9.845 14.951,-60.794,-30.937,0.26,18.171,-10.752 2.562,-20.887,-10.002,-10.878,46.816,0.083 42.395,-206.794,-86.973,30.107,5.746,-1.876 42.395,-206.794,-86.973,30.107,5.746,-1.876 27.65,-107.438,-42.823,12.964,25.443,0.075 27.65,-107.438,-42.823,12.964,25.443,0.075 10.864,-37.465,-15.556,20.643,-15.831,-20.886 10.864,-37.465,-15.556,20.643,-15.831,-20.886 44.828,-142.689,-57.483,-6.785,18.168,-22.516 44.828,-142.689,-57.483,-6.785,18.168,-22.516 46.374,-131.622,-47.924,-2.057,-16.088,-13.047 46.374,-131.622,-47.924,-2.057,-16.088,-13.047 13.283,-35.681,-12.259,-3.901,-4.009,3.527
 18.918,224.809,-7.652,-2.738,18.376,2.106 62.775,602.667,-12.713,-1.571,26.234,-3.59 62.775,602.667,-12.713,-1.571,26.234,-3.59 25.868,210.73,-1.108,0.282,16.088,0.48
 7.027,18.288,5.807,14.936,55.823,-2.098 17.21,40.872,12.608,-6.344,46.13,5.391 17.21,40.872,12.608,-6.344,46.13,5.391 18.823,40.27,12.434,-6.557,46.043,5.582 18.823,40.27,12.434,-6.557,46.043,5.582 19.295,42.801,14.841,-6.518,45.866,5.592 19.295,42.801,14.841,-6.518,45.866,5.592 16.396,38.917,14.69,-5.723,45.117,5.566 16.396,38.917,14.69,-5.723,45.117,5.566 51.018,128.771,45.049,1.283,26.339,-5.743 51.018,128.771,45.049,1.283,26.339,-5.743 7.027,18.288,5.807,14.936,55.823,-2.098
